1 49 184 408 374 0.86 -1.0 -1.0 -1.0 -1.0 -1.0 -1.0 -1.0
1 978 151 1221 328 0.78 -1.0 -1.0 -1.0 -1.0 -1.0 -1.0 -1.0
1 383 190 516 270 0.6 -1.0 -1.0 -1.0 -1.0 -1.0 -1.0 -1.0
1 442 187 538 240 0.5 -1.0 -1.0 -1.0 -1.0 -1.0 -1.0 -1.0
1 711 177 793 228 0.48 -1.0 -1.0 -1.0 -1.0 -1.0 -1.0 -1.0
1 781 175 839 211 0.45 -1.0 -1.0 -1.0 -1.0 -1.0 -1.0 -1.0
1 902 158 990 206 0.35 -1.0 -1.0 -1.0 -1.0 -1.0 -1.0 -1.0
1 904 157 1024 224 0.31 -1.0 -1.0 -1.0 -1.0 -1.0 -1.0 -1.0
1 506 183 551 216 0.31 -1.0 -1.0 -1.0 -1.0 -1.0 -1.0 -1.0
1 409 172 472 214 0.27 -1.0 -1.0 -1.0 -1.0 -1.0 -1.0 -1.0
