1 762 163 972 240 0.69 -1.0 -1.0 -1.0 -1.0 -1.0 -1.0 -1.0
1 431 181 491 229 0.52 -1.0 -1.0 -1.0 -1.0 -1.0 -1.0 -1.0
1 893 149 956 193 0.44 -1.0 -1.0 -1.0 -1.0 -1.0 -1.0 -1.0
1 516 182 564 215 0.31 -1.0 -1.0 -1.0 -1.0 -1.0 -1.0 -1.0
1 467 184 533 217 0.27 -1.0 -1.0 -1.0 -1.0 -1.0 -1.0 -1.0
1 1084 144 1198 186 0.25 -1.0 -1.0 -1.0 -1.0 -1.0 -1.0 -1.0
1 626 167 685 200 0.24 -1.0 -1.0 -1.0 -1.0 -1.0 -1.0 -1.0
1 965 143 1043 178 0.23 -1.0 -1.0 -1.0 -1.0 -1.0 -1.0 -1.0
1 1007 144 1118 183 0.23 -1.0 -1.0 -1.0 -1.0 -1.0 -1.0 -1.0
2 134 209 224 326 0.24 -1.0 -1.0 -1.0 -1.0 -1.0 -1.0 -1.0
