1 834 182 1096 359 0.83 -1.0 -1.0 -1.0 -1.0 -1.0 -1.0 -1.0
1 208 192 478 348 0.78 -1.0 -1.0 -1.0 -1.0 -1.0 -1.0 -1.0
1 456 183 544 237 0.65 -1.0 -1.0 -1.0 -1.0 -1.0 -1.0 -1.0
1 1034 160 1130 205 0.52 -1.0 -1.0 -1.0 -1.0 -1.0 -1.0 -1.0
1 1141 167 1236 219 0.46 -1.0 -1.0 -1.0 -1.0 -1.0 -1.0 -1.0
1 772 158 888 209 0.37 -1.0 -1.0 -1.0 -1.0 -1.0 -1.0 -1.0
1 787 162 908 218 0.35 -1.0 -1.0 -1.0 -1.0 -1.0 -1.0 -1.0
1 695 168 755 195 0.35 -1.0 -1.0 -1.0 -1.0 -1.0 -1.0 -1.0
1 865 174 968 229 0.3 -1.0 -1.0 -1.0 -1.0 -1.0 -1.0 -1.0
1 309 191 399 233 0.22 -1.0 -1.0 -1.0 -1.0 -1.0 -1.0 -1.0
