1 844 189 1181 386 0.88 -1.0 -1.0 -1.0 -1.0 -1.0 -1.0 -1.0
1 129 189 480 370 0.77 -1.0 -1.0 -1.0 -1.0 -1.0 -1.0 -1.0
1 457 186 540 238 0.61 -1.0 -1.0 -1.0 -1.0 -1.0 -1.0 -1.0
1 793 156 903 209 0.53 -1.0 -1.0 -1.0 -1.0 -1.0 -1.0 -1.0
1 1045 160 1137 205 0.4 -1.0 -1.0 -1.0 -1.0 -1.0 -1.0 -1.0
1 1196 164 1239 218 0.37 -1.0 -1.0 -1.0 -1.0 -1.0 -1.0 -1.0
1 858 169 1013 252 0.33 -1.0 -1.0 -1.0 -1.0 -1.0 -1.0 -1.0
1 1149 164 1227 218 0.33 -1.0 -1.0 -1.0 -1.0 -1.0 -1.0 -1.0
1 948 167 1058 217 0.22 -1.0 -1.0 -1.0 -1.0 -1.0 -1.0 -1.0
1 712 159 777 189 0.22 -1.0 -1.0 -1.0 -1.0 -1.0 -1.0 -1.0
