0 453 121 488 225 0.21 -1.0 -1.0 -1.0 -1.0 -1.0 -1.0 -1.0
1 536 179 657 245 0.78 -1.0 -1.0 -1.0 -1.0 -1.0 -1.0 -1.0
1 832 197 1233 397 0.73 -1.0 -1.0 -1.0 -1.0 -1.0 -1.0 -1.0
1 810 176 947 286 0.71 -1.0 -1.0 -1.0 -1.0 -1.0 -1.0 -1.0
1 12 183 346 356 0.38 -1.0 -1.0 -1.0 -1.0 -1.0 -1.0 -1.0
1 620 175 670 210 0.36 -1.0 -1.0 -1.0 -1.0 -1.0 -1.0 -1.0
1 668 163 723 198 0.35 -1.0 -1.0 -1.0 -1.0 -1.0 -1.0 -1.0
1 836 169 901 216 0.28 -1.0 -1.0 -1.0 -1.0 -1.0 -1.0 -1.0
1 10 178 270 321 0.23 -1.0 -1.0 -1.0 -1.0 -1.0 -1.0 -1.0
1 914 163 996 202 0.22 -1.0 -1.0 -1.0 -1.0 -1.0 -1.0 -1.0
1 251 190 302 251 0.21 -1.0 -1.0 -1.0 -1.0 -1.0 -1.0 -1.0
