0 1060 147 1139 292 0.37 -1.0 -1.0 -1.0 -1.0 -1.0 -1.0 -1.0
1 233 191 456 324 0.83 -1.0 -1.0 -1.0 -1.0 -1.0 -1.0 -1.0
1 399 191 506 264 0.65 -1.0 -1.0 -1.0 -1.0 -1.0 -1.0 -1.0
1 749 189 851 250 0.59 -1.0 -1.0 -1.0 -1.0 -1.0 -1.0 -1.0
1 831 198 1061 339 0.49 -1.0 -1.0 -1.0 -1.0 -1.0 -1.0 -1.0
1 1020 187 1218 387 0.46 -1.0 -1.0 -1.0 -1.0 -1.0 -1.0 -1.0
1 871 160 926 205 0.44 -1.0 -1.0 -1.0 -1.0 -1.0 -1.0 -1.0
1 668 175 718 206 0.35 -1.0 -1.0 -1.0 -1.0 -1.0 -1.0 -1.0
1 469 186 529 237 0.29 -1.0 -1.0 -1.0 -1.0 -1.0 -1.0 -1.0
1 544 174 590 212 0.26 -1.0 -1.0 -1.0 -1.0 -1.0 -1.0 -1.0
