1 123 181 426 339 0.79 -1.0 -1.0 -1.0 -1.0 -1.0 -1.0 -1.0
1 810 188 1082 349 0.77 -1.0 -1.0 -1.0 -1.0 -1.0 -1.0 -1.0
1 574 181 676 235 0.64 -1.0 -1.0 -1.0 -1.0 -1.0 -1.0 -1.0
1 1040 206 1238 409 0.4 -1.0 -1.0 -1.0 -1.0 -1.0 -1.0 -1.0
1 866 162 926 201 0.33 -1.0 -1.0 -1.0 -1.0 -1.0 -1.0 -1.0
1 695 159 750 191 0.32 -1.0 -1.0 -1.0 -1.0 -1.0 -1.0 -1.0
1 633 176 695 208 0.25 -1.0 -1.0 -1.0 -1.0 -1.0 -1.0 -1.0
1 809 177 904 264 0.23 -1.0 -1.0 -1.0 -1.0 -1.0 -1.0 -1.0
1 335 191 412 249 0.22 -1.0 -1.0 -1.0 -1.0 -1.0 -1.0 -1.0
1 213 179 341 242 0.22 -1.0 -1.0 -1.0 -1.0 -1.0 -1.0 -1.0
