1 259 205 466 334 0.84 -1.0 -1.0 -1.0 -1.0 -1.0 -1.0 -1.0
1 752 172 864 249 0.64 -1.0 -1.0 -1.0 -1.0 -1.0 -1.0 -1.0
1 402 193 520 273 0.59 -1.0 -1.0 -1.0 -1.0 -1.0 -1.0 -1.0
1 1109 166 1225 313 0.53 -1.0 -1.0 -1.0 -1.0 -1.0 -1.0 -1.0
1 826 181 889 224 0.53 -1.0 -1.0 -1.0 -1.0 -1.0 -1.0 -1.0
1 493 184 544 224 0.38 -1.0 -1.0 -1.0 -1.0 -1.0 -1.0 -1.0
1 940 159 1048 203 0.36 -1.0 -1.0 -1.0 -1.0 -1.0 -1.0 -1.0
1 988 161 1098 206 0.29 -1.0 -1.0 -1.0 -1.0 -1.0 -1.0 -1.0
1 27 217 174 400 0.26 -1.0 -1.0 -1.0 -1.0 -1.0 -1.0 -1.0
1 541 177 573 204 0.25 -1.0 -1.0 -1.0 -1.0 -1.0 -1.0 -1.0
