1 781 176 932 303 0.81 -1.0 -1.0 -1.0 -1.0 -1.0 -1.0 -1.0
1 340 191 501 308 0.7 -1.0 -1.0 -1.0 -1.0 -1.0 -1.0 -1.0
1 55 226 421 390 0.6 -1.0 -1.0 -1.0 -1.0 -1.0 -1.0 -1.0
1 878 174 935 230 0.57 -1.0 -1.0 -1.0 -1.0 -1.0 -1.0 -1.0
1 473 187 545 234 0.56 -1.0 -1.0 -1.0 -1.0 -1.0 -1.0 -1.0
1 1065 159 1197 208 0.39 -1.0 -1.0 -1.0 -1.0 -1.0 -1.0 -1.0
1 791 164 868 222 0.31 -1.0 -1.0 -1.0 -1.0 -1.0 -1.0 -1.0
1 976 163 1070 199 0.28 -1.0 -1.0 -1.0 -1.0 -1.0 -1.0 -1.0
1 620 157 672 192 0.28 -1.0 -1.0 -1.0 -1.0 -1.0 -1.0 -1.0
1 1037 158 1166 205 0.26 -1.0 -1.0 -1.0 -1.0 -1.0 -1.0 -1.0
1 1001 149 1125 196 0.25 -1.0 -1.0 -1.0 -1.0 -1.0 -1.0 -1.0
1 1202 149 1232 195 0.23 -1.0 -1.0 -1.0 -1.0 -1.0 -1.0 -1.0
