1 226 188 443 297 0.77 -1.0 -1.0 -1.0 -1.0 -1.0 -1.0 -1.0
1 1082 163 1216 240 0.6 -1.0 -1.0 -1.0 -1.0 -1.0 -1.0 -1.0
1 685 182 776 254 0.58 -1.0 -1.0 -1.0 -1.0 -1.0 -1.0 -1.0
1 940 172 1089 234 0.55 -1.0 -1.0 -1.0 -1.0 -1.0 -1.0 -1.0
1 436 178 544 227 0.45 -1.0 -1.0 -1.0 -1.0 -1.0 -1.0 -1.0
1 6 207 312 370 0.43 -1.0 -1.0 -1.0 -1.0 -1.0 -1.0 -1.0
1 841 167 954 218 0.4 -1.0 -1.0 -1.0 -1.0 -1.0 -1.0 -1.0
1 802 167 897 211 0.3 -1.0 -1.0 -1.0 -1.0 -1.0 -1.0 -1.0
1 740 165 801 205 0.3 -1.0 -1.0 -1.0 -1.0 -1.0 -1.0 -1.0
1 898 172 1033 228 0.29 -1.0 -1.0 -1.0 -1.0 -1.0 -1.0 -1.0
1 1187 171 1228 250 0.24 -1.0 -1.0 -1.0 -1.0 -1.0 -1.0 -1.0
