1 172 194 421 323 0.87 -1.0 -1.0 -1.0 -1.0 -1.0 -1.0 -1.0
1 361 194 479 261 0.57 -1.0 -1.0 -1.0 -1.0 -1.0 -1.0 -1.0
1 983 168 1083 218 0.57 -1.0 -1.0 -1.0 -1.0 -1.0 -1.0 -1.0
1 668 183 740 232 0.55 -1.0 -1.0 -1.0 -1.0 -1.0 -1.0 -1.0
1 468 178 550 220 0.39 -1.0 -1.0 -1.0 -1.0 -1.0 -1.0 -1.0
1 863 175 970 222 0.37 -1.0 -1.0 -1.0 -1.0 -1.0 -1.0 -1.0
1 900 175 1010 221 0.34 -1.0 -1.0 -1.0 -1.0 -1.0 -1.0 -1.0
1 814 170 903 210 0.33 -1.0 -1.0 -1.0 -1.0 -1.0 -1.0 -1.0
1 725 166 779 200 0.28 -1.0 -1.0 -1.0 -1.0 -1.0 -1.0 -1.0
1 767 166 836 204 0.23 -1.0 -1.0 -1.0 -1.0 -1.0 -1.0 -1.0
