1 336 194 491 289 0.83 -1.0 -1.0 -1.0 -1.0 -1.0 -1.0 -1.0
1 790 178 1083 359 0.82 -1.0 -1.0 -1.0 -1.0 -1.0 -1.0 -1.0
1 421 178 539 244 0.52 -1.0 -1.0 -1.0 -1.0 -1.0 -1.0 -1.0
1 737 177 881 266 0.51 -1.0 -1.0 -1.0 -1.0 -1.0 -1.0 -1.0
1 692 172 752 214 0.5 -1.0 -1.0 -1.0 -1.0 -1.0 -1.0 -1.0
1 784 165 892 218 0.45 -1.0 -1.0 -1.0 -1.0 -1.0 -1.0 -1.0
1 507 183 568 221 0.41 -1.0 -1.0 -1.0 -1.0 -1.0 -1.0 -1.0
1 979 160 1144 244 0.4 -1.0 -1.0 -1.0 -1.0 -1.0 -1.0 -1.0
1 1195 171 1240 290 0.39 -1.0 -1.0 -1.0 -1.0 -1.0 -1.0 -1.0
1 1065 162 1213 258 0.37 -1.0 -1.0 -1.0 -1.0 -1.0 -1.0 -1.0
1 924 163 1045 220 0.27 -1.0 -1.0 -1.0 -1.0 -1.0 -1.0 -1.0
1 823 162 952 220 0.22 -1.0 -1.0 -1.0 -1.0 -1.0 -1.0 -1.0
