1 891 207 1251 389 0.62 -1.0 -1.0 -1.0 -1.0 -1.0 -1.0 -1.0
1 672 182 732 226 0.59 -1.0 -1.0 -1.0 -1.0 -1.0 -1.0 -1.0
1 6 183 390 375 0.55 -1.0 -1.0 -1.0 -1.0 -1.0 -1.0 -1.0
1 327 192 475 265 0.54 -1.0 -1.0 -1.0 -1.0 -1.0 -1.0 -1.0
1 802 172 876 212 0.4 -1.0 -1.0 -1.0 -1.0 -1.0 -1.0 -1.0
1 891 180 962 218 0.38 -1.0 -1.0 -1.0 -1.0 -1.0 -1.0 -1.0
1 407 193 513 245 0.37 -1.0 -1.0 -1.0 -1.0 -1.0 -1.0 -1.0
1 938 170 1030 217 0.36 -1.0 -1.0 -1.0 -1.0 -1.0 -1.0 -1.0
1 850 181 926 219 0.34 -1.0 -1.0 -1.0 -1.0 -1.0 -1.0 -1.0
1 722 165 783 204 0.32 -1.0 -1.0 -1.0 -1.0 -1.0 -1.0 -1.0
1 505 172 571 214 0.25 -1.0 -1.0 -1.0 -1.0 -1.0 -1.0 -1.0
