1 360 187 501 278 0.73 -1.0 -1.0 -1.0 -1.0 -1.0 -1.0 -1.0
1 784 179 1028 339 0.71 -1.0 -1.0 -1.0 -1.0 -1.0 -1.0 -1.0
1 430 175 547 244 0.55 -1.0 -1.0 -1.0 -1.0 -1.0 -1.0 -1.0
1 1118 159 1239 281 0.54 -1.0 -1.0 -1.0 -1.0 -1.0 -1.0 -1.0
1 1033 162 1207 256 0.53 -1.0 -1.0 -1.0 -1.0 -1.0 -1.0 -1.0
1 738 189 843 251 0.48 -1.0 -1.0 -1.0 -1.0 -1.0 -1.0 -1.0
1 775 164 883 219 0.46 -1.0 -1.0 -1.0 -1.0 -1.0 -1.0 -1.0
1 892 156 1040 229 0.4 -1.0 -1.0 -1.0 -1.0 -1.0 -1.0 -1.0
1 504 182 573 221 0.38 -1.0 -1.0 -1.0 -1.0 -1.0 -1.0 -1.0
1 725 191 778 232 0.3 -1.0 -1.0 -1.0 -1.0 -1.0 -1.0 -1.0
1 964 159 1141 243 0.3 -1.0 -1.0 -1.0 -1.0 -1.0 -1.0 -1.0
1 679 172 745 212 0.26 -1.0 -1.0 -1.0 -1.0 -1.0 -1.0 -1.0
1 836 164 959 220 0.25 -1.0 -1.0 -1.0 -1.0 -1.0 -1.0 -1.0
