1 100 201 414 339 0.82 -1.0 -1.0 -1.0 -1.0 -1.0 -1.0 -1.0
1 1010 162 1173 246 0.68 -1.0 -1.0 -1.0 -1.0 -1.0 -1.0 -1.0
1 706 177 814 262 0.62 -1.0 -1.0 -1.0 -1.0 -1.0 -1.0 -1.0
1 442 174 558 232 0.53 -1.0 -1.0 -1.0 -1.0 -1.0 -1.0 -1.0
1 435 183 525 235 0.52 -1.0 -1.0 -1.0 -1.0 -1.0 -1.0 -1.0
1 1174 165 1239 258 0.52 -1.0 -1.0 -1.0 -1.0 -1.0 -1.0 -1.0
1 812 166 925 215 0.41 -1.0 -1.0 -1.0 -1.0 -1.0 -1.0 -1.0
1 912 164 1057 238 0.4 -1.0 -1.0 -1.0 -1.0 -1.0 -1.0 -1.0
1 872 164 1000 223 0.36 -1.0 -1.0 -1.0 -1.0 -1.0 -1.0 -1.0
1 766 166 853 213 0.29 -1.0 -1.0 -1.0 -1.0 -1.0 -1.0 -1.0
1 686 182 757 238 0.25 -1.0 -1.0 -1.0 -1.0 -1.0 -1.0 -1.0
