1 734 176 863 280 0.63 -1.0 -1.0 -1.0 -1.0 -1.0 -1.0 -1.0
1 986 159 1196 258 0.56 -1.0 -1.0 -1.0 -1.0 -1.0 -1.0 -1.0
1 419 184 523 240 0.55 -1.0 -1.0 -1.0 -1.0 -1.0 -1.0 -1.0
1 934 163 1055 225 0.48 -1.0 -1.0 -1.0 -1.0 -1.0 -1.0 -1.0
1 703 183 780 239 0.48 -1.0 -1.0 -1.0 -1.0 -1.0 -1.0 -1.0
1 879 163 1012 218 0.46 -1.0 -1.0 -1.0 -1.0 -1.0 -1.0 -1.0
1 27 195 370 345 0.46 -1.0 -1.0 -1.0 -1.0 -1.0 -1.0 -1.0
1 452 175 566 227 0.4 -1.0 -1.0 -1.0 -1.0 -1.0 -1.0 -1.0
1 820 168 897 212 0.38 -1.0 -1.0 -1.0 -1.0 -1.0 -1.0 -1.0
1 1105 161 1231 260 0.37 -1.0 -1.0 -1.0 -1.0 -1.0 -1.0 -1.0
1 837 164 958 215 0.33 -1.0 -1.0 -1.0 -1.0 -1.0 -1.0 -1.0
1 515 175 582 211 0.31 -1.0 -1.0 -1.0 -1.0 -1.0 -1.0 -1.0
