1 22 195 395 364 0.71 -1.0 -1.0 -1.0 -1.0 -1.0 -1.0 -1.0
1 1057 160 1220 260 0.7 -1.0 -1.0 -1.0 -1.0 -1.0 -1.0 -1.0
1 720 174 842 266 0.6 -1.0 -1.0 -1.0 -1.0 -1.0 -1.0 -1.0
1 423 180 534 239 0.59 -1.0 -1.0 -1.0 -1.0 -1.0 -1.0 -1.0
1 968 165 1117 254 0.58 -1.0 -1.0 -1.0 -1.0 -1.0 -1.0 -1.0
1 857 163 996 219 0.44 -1.0 -1.0 -1.0 -1.0 -1.0 -1.0 -1.0
1 802 168 876 212 0.38 -1.0 -1.0 -1.0 -1.0 -1.0 -1.0 -1.0
1 485 171 572 218 0.36 -1.0 -1.0 -1.0 -1.0 -1.0 -1.0 -1.0
1 827 166 948 215 0.36 -1.0 -1.0 -1.0 -1.0 -1.0 -1.0 -1.0
1 699 184 765 236 0.36 -1.0 -1.0 -1.0 -1.0 -1.0 -1.0 -1.0
1 899 163 1031 222 0.27 -1.0 -1.0 -1.0 -1.0 -1.0 -1.0 -1.0
1 1205 173 1229 267 0.24 -1.0 -1.0 -1.0 -1.0 -1.0 -1.0 -1.0
