1 14 193 363 365 0.84 -1.0 -1.0 -1.0 -1.0 -1.0 -1.0 -1.0
1 290 192 455 283 0.66 -1.0 -1.0 -1.0 -1.0 -1.0 -1.0 -1.0
1 679 180 761 243 0.62 -1.0 -1.0 -1.0 -1.0 -1.0 -1.0 -1.0
1 1010 165 1154 236 0.6 -1.0 -1.0 -1.0 -1.0 -1.0 -1.0 -1.0
1 910 172 1040 229 0.55 -1.0 -1.0 -1.0 -1.0 -1.0 -1.0 -1.0
1 817 166 938 217 0.44 -1.0 -1.0 -1.0 -1.0 -1.0 -1.0 -1.0
1 1165 179 1229 279 0.43 -1.0 -1.0 -1.0 -1.0 -1.0 -1.0 -1.0
1 456 178 543 223 0.42 -1.0 -1.0 -1.0 -1.0 -1.0 -1.0 -1.0
1 232 198 360 280 0.24 -1.0 -1.0 -1.0 -1.0 -1.0 -1.0 -1.0
1 735 166 808 201 0.23 -1.0 -1.0 -1.0 -1.0 -1.0 -1.0 -1.0
