1 490 180 625 261 0.79 -1.0 -1.0 -1.0 -1.0 -1.0 -1.0 -1.0
1 832 194 1002 319 0.66 -1.0 -1.0 -1.0 -1.0 -1.0 -1.0 -1.0
1 912 205 1230 392 0.41 -1.0 -1.0 -1.0 -1.0 -1.0 -1.0 -1.0
1 651 166 695 194 0.39 -1.0 -1.0 -1.0 -1.0 -1.0 -1.0 -1.0
1 769 165 813 201 0.37 -1.0 -1.0 -1.0 -1.0 -1.0 -1.0 -1.0
1 805 166 893 218 0.37 -1.0 -1.0 -1.0 -1.0 -1.0 -1.0 -1.0
1 18 180 125 396 0.36 -1.0 -1.0 -1.0 -1.0 -1.0 -1.0 -1.0
1 588 175 643 209 0.32 -1.0 -1.0 -1.0 -1.0 -1.0 -1.0 -1.0
1 848 162 927 204 0.23 -1.0 -1.0 -1.0 -1.0 -1.0 -1.0 -1.0
1 1188 126 1228 217 0.21 -1.0 -1.0 -1.0 -1.0 -1.0 -1.0 -1.0
