1 27 180 407 376 0.84 -1.0 -1.0 -1.0 -1.0 -1.0 -1.0 -1.0
1 786 179 1064 341 0.7 -1.0 -1.0 -1.0 -1.0 -1.0 -1.0 -1.0
1 1015 145 1225 277 0.52 -1.0 -1.0 -1.0 -1.0 -1.0 -1.0 -1.0
1 796 151 940 213 0.47 -1.0 -1.0 -1.0 -1.0 -1.0 -1.0 -1.0
1 301 158 483 266 0.44 -1.0 -1.0 -1.0 -1.0 -1.0 -1.0 -1.0
1 882 154 1048 230 0.41 -1.0 -1.0 -1.0 -1.0 -1.0 -1.0 -1.0
1 460 180 538 219 0.36 -1.0 -1.0 -1.0 -1.0 -1.0 -1.0 -1.0
1 1000 169 1237 424 0.26 -1.0 -1.0 -1.0 -1.0 -1.0 -1.0 -1.0
1 357 164 525 256 0.25 -1.0 -1.0 -1.0 -1.0 -1.0 -1.0 -1.0
1 1114 143 1240 279 0.25 -1.0 -1.0 -1.0 -1.0 -1.0 -1.0 -1.0
1 928 153 1139 249 0.22 -1.0 -1.0 -1.0 -1.0 -1.0 -1.0 -1.0
1 213 181 338 242 0.21 -1.0 -1.0 -1.0 -1.0 -1.0 -1.0 -1.0
