1 368 181 514 265 0.7 -1.0 -1.0 -1.0 -1.0 -1.0 -1.0 -1.0
1 766 175 986 321 0.64 -1.0 -1.0 -1.0 -1.0 -1.0 -1.0 -1.0
1 1102 157 1235 265 0.5 -1.0 -1.0 -1.0 -1.0 -1.0 -1.0 -1.0
1 886 159 1006 224 0.49 -1.0 -1.0 -1.0 -1.0 -1.0 -1.0 -1.0
1 430 171 550 235 0.49 -1.0 -1.0 -1.0 -1.0 -1.0 -1.0 -1.0
1 1004 157 1178 246 0.45 -1.0 -1.0 -1.0 -1.0 -1.0 -1.0 -1.0
1 741 165 880 238 0.42 -1.0 -1.0 -1.0 -1.0 -1.0 -1.0 -1.0
1 725 181 836 243 0.41 -1.0 -1.0 -1.0 -1.0 -1.0 -1.0 -1.0
1 941 158 1106 228 0.4 -1.0 -1.0 -1.0 -1.0 -1.0 -1.0 -1.0
1 504 181 571 217 0.34 -1.0 -1.0 -1.0 -1.0 -1.0 -1.0 -1.0
1 712 184 752 219 0.22 -1.0 -1.0 -1.0 -1.0 -1.0 -1.0 -1.0
1 690 176 736 210 0.22 -1.0 -1.0 -1.0 -1.0 -1.0 -1.0 -1.0
1 832 167 962 255 0.21 -1.0 -1.0 -1.0 -1.0 -1.0 -1.0 -1.0
