1 313 190 490 295 0.87 -1.0 -1.0 -1.0 -1.0 -1.0 -1.0 -1.0
1 796 175 1171 381 0.85 -1.0 -1.0 -1.0 -1.0 -1.0 -1.0 -1.0
1 418 174 541 249 0.63 -1.0 -1.0 -1.0 -1.0 -1.0 -1.0 -1.0
1 756 186 882 271 0.55 -1.0 -1.0 -1.0 -1.0 -1.0 -1.0 -1.0
1 795 165 900 220 0.42 -1.0 -1.0 -1.0 -1.0 -1.0 -1.0 -1.0
1 728 180 773 223 0.39 -1.0 -1.0 -1.0 -1.0 -1.0 -1.0 -1.0
1 491 181 567 225 0.37 -1.0 -1.0 -1.0 -1.0 -1.0 -1.0 -1.0
1 984 158 1159 244 0.34 -1.0 -1.0 -1.0 -1.0 -1.0 -1.0 -1.0
1 949 162 1079 221 0.28 -1.0 -1.0 -1.0 -1.0 -1.0 -1.0 -1.0
1 1129 167 1227 254 0.26 -1.0 -1.0 -1.0 -1.0 -1.0 -1.0 -1.0
1 921 162 1049 221 0.25 -1.0 -1.0 -1.0 -1.0 -1.0 -1.0 -1.0
1 850 167 963 218 0.22 -1.0 -1.0 -1.0 -1.0 -1.0 -1.0 -1.0
1 1048 159 1212 261 0.22 -1.0 -1.0 -1.0 -1.0 -1.0 -1.0 -1.0
