1 145 192 430 329 0.81 -1.0 -1.0 -1.0 -1.0 -1.0 -1.0 -1.0
1 1136 161 1238 246 0.67 -1.0 -1.0 -1.0 -1.0 -1.0 -1.0 -1.0
1 991 167 1134 239 0.66 -1.0 -1.0 -1.0 -1.0 -1.0 -1.0 -1.0
1 449 178 549 230 0.53 -1.0 -1.0 -1.0 -1.0 -1.0 -1.0 -1.0
1 701 181 799 258 0.53 -1.0 -1.0 -1.0 -1.0 -1.0 -1.0 -1.0
1 884 169 1007 233 0.47 -1.0 -1.0 -1.0 -1.0 -1.0 -1.0 -1.0
1 827 165 929 214 0.36 -1.0 -1.0 -1.0 -1.0 -1.0 -1.0 -1.0
1 17 191 203 404 0.34 -1.0 -1.0 -1.0 -1.0 -1.0 -1.0 -1.0
1 747 163 817 206 0.3 -1.0 -1.0 -1.0 -1.0 -1.0 -1.0 -1.0
1 677 183 731 223 0.22 -1.0 -1.0 -1.0 -1.0 -1.0 -1.0 -1.0
