1 122 191 393 330 0.82 -1.0 -1.0 -1.0 -1.0 -1.0 -1.0 -1.0
1 338 191 467 269 0.64 -1.0 -1.0 -1.0 -1.0 -1.0 -1.0 -1.0
1 671 180 750 236 0.6 -1.0 -1.0 -1.0 -1.0 -1.0 -1.0 -1.0
1 979 165 1125 231 0.48 -1.0 -1.0 -1.0 -1.0 -1.0 -1.0 -1.0
1 478 173 560 216 0.46 -1.0 -1.0 -1.0 -1.0 -1.0 -1.0 -1.0
1 884 174 1008 224 0.43 -1.0 -1.0 -1.0 -1.0 -1.0 -1.0 -1.0
1 817 168 921 214 0.41 -1.0 -1.0 -1.0 -1.0 -1.0 -1.0 -1.0
1 776 163 865 205 0.33 -1.0 -1.0 -1.0 -1.0 -1.0 -1.0 -1.0
1 947 170 1080 228 0.31 -1.0 -1.0 -1.0 -1.0 -1.0 -1.0 -1.0
1 718 167 768 201 0.25 -1.0 -1.0 -1.0 -1.0 -1.0 -1.0 -1.0
1 1081 148 1198 253 0.23 -1.0 -1.0 -1.0 -1.0 -1.0 -1.0 -1.0
