1 396 183 523 251 0.63 -1.0 -1.0 -1.0 -1.0 -1.0 -1.0 -1.0
1 749 175 910 284 0.57 -1.0 -1.0 -1.0 -1.0 -1.0 -1.0 -1.0
1 1177 180 1237 263 0.53 -1.0 -1.0 -1.0 -1.0 -1.0 -1.0 -1.0
1 976 161 1129 238 0.43 -1.0 -1.0 -1.0 -1.0 -1.0 -1.0 -1.0
1 16 206 321 372 0.41 -1.0 -1.0 -1.0 -1.0 -1.0 -1.0 -1.0
1 827 164 949 219 0.4 -1.0 -1.0 -1.0 -1.0 -1.0 -1.0 -1.0
1 714 180 807 238 0.39 -1.0 -1.0 -1.0 -1.0 -1.0 -1.0 -1.0
1 726 165 857 238 0.35 -1.0 -1.0 -1.0 -1.0 -1.0 -1.0 -1.0
1 913 159 1075 225 0.31 -1.0 -1.0 -1.0 -1.0 -1.0 -1.0 -1.0
1 1016 161 1185 242 0.3 -1.0 -1.0 -1.0 -1.0 -1.0 -1.0 -1.0
1 1048 161 1211 244 0.29 -1.0 -1.0 -1.0 -1.0 -1.0 -1.0 -1.0
1 485 180 572 220 0.28 -1.0 -1.0 -1.0 -1.0 -1.0 -1.0 -1.0
1 454 176 564 225 0.27 -1.0 -1.0 -1.0 -1.0 -1.0 -1.0 -1.0
1 846 163 1007 219 0.25 -1.0 -1.0 -1.0 -1.0 -1.0 -1.0 -1.0
