1 94 182 421 356 0.9 -1.0 -1.0 -1.0 -1.0 -1.0 -1.0 -1.0
1 796 187 1035 331 0.7 -1.0 -1.0 -1.0 -1.0 -1.0 -1.0 -1.0
1 952 186 1229 409 0.51 -1.0 -1.0 -1.0 -1.0 -1.0 -1.0 -1.0
1 999 150 1220 289 0.49 -1.0 -1.0 -1.0 -1.0 -1.0 -1.0 -1.0
1 336 164 486 259 0.45 -1.0 -1.0 -1.0 -1.0 -1.0 -1.0 -1.0
1 488 181 548 219 0.4 -1.0 -1.0 -1.0 -1.0 -1.0 -1.0 -1.0
1 810 157 963 225 0.38 -1.0 -1.0 -1.0 -1.0 -1.0 -1.0 -1.0
1 882 158 1028 226 0.29 -1.0 -1.0 -1.0 -1.0 -1.0 -1.0 -1.0
1 936 158 1130 244 0.27 -1.0 -1.0 -1.0 -1.0 -1.0 -1.0 -1.0
1 1076 150 1241 271 0.27 -1.0 -1.0 -1.0 -1.0 -1.0 -1.0 -1.0
