0 1067 149 1158 361 0.43 -1.0 -1.0 -1.0 -1.0 -1.0 -1.0 -1.0
0 691 159 730 276 0.4 -1.0 -1.0 -1.0 -1.0 -1.0 -1.0 -1.0
0 745 146 814 311 0.39 -1.0 -1.0 -1.0 -1.0 -1.0 -1.0 -1.0
0 659 163 704 273 0.3 -1.0 -1.0 -1.0 -1.0 -1.0 -1.0 -1.0
1 988 184 1067 229 0.32 -1.0 -1.0 -1.0 -1.0 -1.0 -1.0 -1.0
2 95 148 147 248 0.43 -1.0 -1.0 -1.0 -1.0 -1.0 -1.0 -1.0
2 552 129 622 251 0.41 -1.0 -1.0 -1.0 -1.0 -1.0 -1.0 -1.0
2 738 148 820 324 0.37 -1.0 -1.0 -1.0 -1.0 -1.0 -1.0 -1.0
2 490 132 568 267 0.32 -1.0 -1.0 -1.0 -1.0 -1.0 -1.0 -1.0
2 1077 148 1186 362 0.26 -1.0 -1.0 -1.0 -1.0 -1.0 -1.0 -1.0
