0 780 135 856 322 0.56 -1.0 -1.0 -1.0 -1.0 -1.0 -1.0 -1.0
0 711 144 767 289 0.44 -1.0 -1.0 -1.0 -1.0 -1.0 -1.0 -1.0
0 1156 146 1220 384 0.23 -1.0 -1.0 -1.0 -1.0 -1.0 -1.0 -1.0
1 971 184 1103 234 0.31 -1.0 -1.0 -1.0 -1.0 -1.0 -1.0 -1.0
1 992 175 1177 242 0.28 -1.0 -1.0 -1.0 -1.0 -1.0 -1.0 -1.0
1 1116 171 1206 245 0.24 -1.0 -1.0 -1.0 -1.0 -1.0 -1.0 -1.0
2 525 139 593 259 0.5 -1.0 -1.0 -1.0 -1.0 -1.0 -1.0 -1.0
2 77 139 127 243 0.44 -1.0 -1.0 -1.0 -1.0 -1.0 -1.0 -1.0
2 585 146 646 252 0.29 -1.0 -1.0 -1.0 -1.0 -1.0 -1.0 -1.0
2 784 136 866 319 0.24 -1.0 -1.0 -1.0 -1.0 -1.0 -1.0 -1.0
