0 792 146 864 327 0.59 -1.0 -1.0 -1.0 -1.0 -1.0 -1.0 -1.0
0 715 148 769 288 0.46 -1.0 -1.0 -1.0 -1.0 -1.0 -1.0 -1.0
0 686 159 735 279 0.33 -1.0 -1.0 -1.0 -1.0 -1.0 -1.0 -1.0
1 991 179 1196 253 0.34 -1.0 -1.0 -1.0 -1.0 -1.0 -1.0 -1.0
1 970 184 1104 233 0.28 -1.0 -1.0 -1.0 -1.0 -1.0 -1.0 -1.0
1 1126 181 1214 237 0.22 -1.0 -1.0 -1.0 -1.0 -1.0 -1.0 -1.0
1 1178 163 1223 236 0.21 -1.0 -1.0 -1.0 -1.0 -1.0 -1.0 -1.0
2 523 132 597 263 0.43 -1.0 -1.0 -1.0 -1.0 -1.0 -1.0 -1.0
2 75 139 127 243 0.41 -1.0 -1.0 -1.0 -1.0 -1.0 -1.0 -1.0
2 580 140 654 257 0.28 -1.0 -1.0 -1.0 -1.0 -1.0 -1.0 -1.0
2 198 133 250 226 0.21 -1.0 -1.0 -1.0 -1.0 -1.0 -1.0 -1.0
