0 788 143 868 318 0.44 -1.0 -1.0 -1.0 -1.0 -1.0 -1.0 -1.0
0 586 141 647 296 0.28 -1.0 -1.0 -1.0 -1.0 -1.0 -1.0 -1.0
1 20 168 63 209 0.31 -1.0 -1.0 -1.0 -1.0 -1.0 -1.0 -1.0
1 1002 181 1185 251 0.21 -1.0 -1.0 -1.0 -1.0 -1.0 -1.0 -1.0
2 783 139 889 333 0.42 -1.0 -1.0 -1.0 -1.0 -1.0 -1.0 -1.0
2 229 115 295 226 0.31 -1.0 -1.0 -1.0 -1.0 -1.0 -1.0 -1.0
2 449 136 556 299 0.3 -1.0 -1.0 -1.0 -1.0 -1.0 -1.0 -1.0
2 641 142 726 295 0.26 -1.0 -1.0 -1.0 -1.0 -1.0 -1.0 -1.0
2 619 142 708 299 0.26 -1.0 -1.0 -1.0 -1.0 -1.0 -1.0 -1.0
2 586 141 647 296 0.22 -1.0 -1.0 -1.0 -1.0 -1.0 -1.0 -1.0
