1 7 198 271 339 0.89 -1.0 -1.0 -1.0 -1.0 -1.0 -1.0 -1.0
1 742 177 1130 382 0.8 -1.0 -1.0 -1.0 -1.0 -1.0 -1.0 -1.0
1 180 184 352 279 0.63 -1.0 -1.0 -1.0 -1.0 -1.0 -1.0 -1.0
1 624 175 762 266 0.49 -1.0 -1.0 -1.0 -1.0 -1.0 -1.0 -1.0
1 487 171 552 211 0.44 -1.0 -1.0 -1.0 -1.0 -1.0 -1.0 -1.0
1 302 194 387 241 0.41 -1.0 -1.0 -1.0 -1.0 -1.0 -1.0 -1.0
1 277 186 374 240 0.36 -1.0 -1.0 -1.0 -1.0 -1.0 -1.0 -1.0
1 590 179 702 245 0.29 -1.0 -1.0 -1.0 -1.0 -1.0 -1.0 -1.0
1 565 181 668 240 0.26 -1.0 -1.0 -1.0 -1.0 -1.0 -1.0 -1.0
1 363 169 441 213 0.24 -1.0 -1.0 -1.0 -1.0 -1.0 -1.0 -1.0
2 532 169 583 272 0.27 -1.0 -1.0 -1.0 -1.0 -1.0 -1.0 -1.0
