1 149 179 348 284 0.74 -1.0 -1.0 -1.0 -1.0 -1.0 -1.0 -1.0
1 13 201 245 354 0.72 -1.0 -1.0 -1.0 -1.0 -1.0 -1.0 -1.0
1 669 175 832 283 0.69 -1.0 -1.0 -1.0 -1.0 -1.0 -1.0 -1.0
1 296 192 390 246 0.52 -1.0 -1.0 -1.0 -1.0 -1.0 -1.0 -1.0
1 618 175 730 244 0.5 -1.0 -1.0 -1.0 -1.0 -1.0 -1.0 -1.0
1 838 164 1225 392 0.42 -1.0 -1.0 -1.0 -1.0 -1.0 -1.0 -1.0
1 336 188 411 233 0.38 -1.0 -1.0 -1.0 -1.0 -1.0 -1.0 -1.0
1 509 164 569 204 0.34 -1.0 -1.0 -1.0 -1.0 -1.0 -1.0 -1.0
1 593 175 680 229 0.28 -1.0 -1.0 -1.0 -1.0 -1.0 -1.0 -1.0
2 543 162 612 260 0.21 -1.0 -1.0 -1.0 -1.0 -1.0 -1.0 -1.0
