0 1142 148 1215 329 0.51 -1.0 -1.0 -1.0 -1.0 -1.0 -1.0 -1.0
1 738 173 1015 343 0.85 -1.0 -1.0 -1.0 -1.0 -1.0 -1.0 -1.0
1 37 177 341 325 0.85 -1.0 -1.0 -1.0 -1.0 -1.0 -1.0 -1.0
1 262 199 389 276 0.69 -1.0 -1.0 -1.0 -1.0 -1.0 -1.0 -1.0
1 676 181 826 264 0.62 -1.0 -1.0 -1.0 -1.0 -1.0 -1.0 -1.0
1 358 190 424 237 0.51 -1.0 -1.0 -1.0 -1.0 -1.0 -1.0 -1.0
1 641 184 745 242 0.4 -1.0 -1.0 -1.0 -1.0 -1.0 -1.0 -1.0
1 550 162 605 221 0.28 -1.0 -1.0 -1.0 -1.0 -1.0 -1.0 -1.0
1 18 176 84 418 0.22 -1.0 -1.0 -1.0 -1.0 -1.0 -1.0 -1.0
2 569 164 622 258 0.21 -1.0 -1.0 -1.0 -1.0 -1.0 -1.0 -1.0
