1 728 170 967 327 0.85 -1.0 -1.0 -1.0 -1.0 -1.0 -1.0 -1.0
1 61 176 355 321 0.85 -1.0 -1.0 -1.0 -1.0 -1.0 -1.0 -1.0
1 278 200 389 263 0.62 -1.0 -1.0 -1.0 -1.0 -1.0 -1.0 -1.0
1 661 180 801 260 0.57 -1.0 -1.0 -1.0 -1.0 -1.0 -1.0 -1.0
1 357 190 426 238 0.49 -1.0 -1.0 -1.0 -1.0 -1.0 -1.0 -1.0
1 14 177 129 398 0.33 -1.0 -1.0 -1.0 -1.0 -1.0 -1.0 -1.0
1 630 179 737 243 0.32 -1.0 -1.0 -1.0 -1.0 -1.0 -1.0 -1.0
1 537 164 599 217 0.25 -1.0 -1.0 -1.0 -1.0 -1.0 -1.0 -1.0
1 771 165 850 218 0.22 -1.0 -1.0 -1.0 -1.0 -1.0 -1.0 -1.0
2 560 166 614 253 0.23 -1.0 -1.0 -1.0 -1.0 -1.0 -1.0 -1.0
