1 40 197 297 318 0.87 -1.0 -1.0 -1.0 -1.0 -1.0 -1.0 -1.0
1 681 181 898 318 0.74 -1.0 -1.0 -1.0 -1.0 -1.0 -1.0 -1.0
1 943 177 1219 378 0.63 -1.0 -1.0 -1.0 -1.0 -1.0 -1.0 -1.0
1 585 170 704 253 0.59 -1.0 -1.0 -1.0 -1.0 -1.0 -1.0 -1.0
1 187 186 346 256 0.5 -1.0 -1.0 -1.0 -1.0 -1.0 -1.0 -1.0
1 285 189 364 231 0.31 -1.0 -1.0 -1.0 -1.0 -1.0 -1.0 -1.0
1 548 176 647 242 0.26 -1.0 -1.0 -1.0 -1.0 -1.0 -1.0 -1.0
1 138 194 318 266 0.26 -1.0 -1.0 -1.0 -1.0 -1.0 -1.0 -1.0
1 455 167 521 210 0.24 -1.0 -1.0 -1.0 -1.0 -1.0 -1.0 -1.0
2 509 158 569 264 0.32 -1.0 -1.0 -1.0 -1.0 -1.0 -1.0 -1.0
