0 418 152 471 268 0.34 -1.0 -1.0 -1.0 -1.0 -1.0 -1.0 -1.0
0 594 157 638 263 0.22 -1.0 -1.0 -1.0 -1.0 -1.0 -1.0 -1.0
0 623 146 682 275 0.22 -1.0 -1.0 -1.0 -1.0 -1.0 -1.0 -1.0
1 19 169 65 209 0.34 -1.0 -1.0 -1.0 -1.0 -1.0 -1.0 -1.0
1 999 181 1187 251 0.3 -1.0 -1.0 -1.0 -1.0 -1.0 -1.0 -1.0
1 965 183 1090 235 0.23 -1.0 -1.0 -1.0 -1.0 -1.0 -1.0 -1.0
2 361 141 414 259 0.47 -1.0 -1.0 -1.0 -1.0 -1.0 -1.0 -1.0
2 416 152 474 281 0.27 -1.0 -1.0 -1.0 -1.0 -1.0 -1.0 -1.0
2 622 151 684 281 0.22 -1.0 -1.0 -1.0 -1.0 -1.0 -1.0 -1.0
2 497 161 545 259 0.21 -1.0 -1.0 -1.0 -1.0 -1.0 -1.0 -1.0
