0 437 153 487 265 0.33 -1.0 -1.0 -1.0 -1.0 -1.0 -1.0 -1.0
0 488 161 531 259 0.25 -1.0 -1.0 -1.0 -1.0 -1.0 -1.0 -1.0
0 608 150 665 269 0.22 -1.0 -1.0 -1.0 -1.0 -1.0 -1.0 -1.0
0 359 139 415 263 0.21 -1.0 -1.0 -1.0 -1.0 -1.0 -1.0 -1.0
1 19 169 64 209 0.31 -1.0 -1.0 -1.0 -1.0 -1.0 -1.0 -1.0
1 999 181 1188 250 0.28 -1.0 -1.0 -1.0 -1.0 -1.0 -1.0 -1.0
1 965 183 1091 235 0.23 -1.0 -1.0 -1.0 -1.0 -1.0 -1.0 -1.0
2 353 140 421 275 0.46 -1.0 -1.0 -1.0 -1.0 -1.0 -1.0 -1.0
2 625 141 705 277 0.4 -1.0 -1.0 -1.0 -1.0 -1.0 -1.0 -1.0
2 608 150 665 269 0.39 -1.0 -1.0 -1.0 -1.0 -1.0 -1.0 -1.0
2 421 150 487 282 0.26 -1.0 -1.0 -1.0 -1.0 -1.0 -1.0 -1.0
