0 887 150 977 309 0.22 -1.0 -1.0 -1.0 -1.0 -1.0 -1.0 -1.0
0 546 129 607 272 0.22 -1.0 -1.0 -1.0 -1.0 -1.0 -1.0 -1.0
1 20 169 63 208 0.3 -1.0 -1.0 -1.0 -1.0 -1.0 -1.0 -1.0
1 1001 176 1187 242 0.28 -1.0 -1.0 -1.0 -1.0 -1.0 -1.0 -1.0
1 987 187 1087 229 0.22 -1.0 -1.0 -1.0 -1.0 -1.0 -1.0 -1.0
1 176 173 216 204 0.21 -1.0 -1.0 -1.0 -1.0 -1.0 -1.0 -1.0
1 210 166 240 215 0.21 -1.0 -1.0 -1.0 -1.0 -1.0 -1.0 -1.0
2 881 155 982 316 0.5 -1.0 -1.0 -1.0 -1.0 -1.0 -1.0 -1.0
2 546 129 607 272 0.43 -1.0 -1.0 -1.0 -1.0 -1.0 -1.0 -1.0
2 336 150 379 228 0.27 -1.0 -1.0 -1.0 -1.0 -1.0 -1.0 -1.0
2 289 150 331 226 0.21 -1.0 -1.0 -1.0 -1.0 -1.0 -1.0 -1.0
