0 707 143 756 276 0.49 -1.0 -1.0 -1.0 -1.0 -1.0 -1.0 -1.0
0 767 134 849 323 0.45 -1.0 -1.0 -1.0 -1.0 -1.0 -1.0 -1.0
0 1126 131 1214 378 0.45 -1.0 -1.0 -1.0 -1.0 -1.0 -1.0 -1.0
0 674 145 727 273 0.22 -1.0 -1.0 -1.0 -1.0 -1.0 -1.0 -1.0
1 974 184 1100 233 0.33 -1.0 -1.0 -1.0 -1.0 -1.0 -1.0 -1.0
2 572 138 644 260 0.46 -1.0 -1.0 -1.0 -1.0 -1.0 -1.0 -1.0
2 83 148 136 250 0.44 -1.0 -1.0 -1.0 -1.0 -1.0 -1.0 -1.0
2 762 139 854 333 0.39 -1.0 -1.0 -1.0 -1.0 -1.0 -1.0 -1.0
2 520 136 598 260 0.34 -1.0 -1.0 -1.0 -1.0 -1.0 -1.0 -1.0
2 210 135 259 224 0.25 -1.0 -1.0 -1.0 -1.0 -1.0 -1.0 -1.0
