0 1056 132 1134 344 0.71 -1.0 -1.0 -1.0 -1.0 -1.0 -1.0 -1.0
0 809 146 883 330 0.62 -1.0 -1.0 -1.0 -1.0 -1.0 -1.0 -1.0
0 840 144 928 330 0.4 -1.0 -1.0 -1.0 -1.0 -1.0 -1.0 -1.0
1 1004 177 1070 238 0.33 -1.0 -1.0 -1.0 -1.0 -1.0 -1.0 -1.0
1 22 167 62 210 0.25 -1.0 -1.0 -1.0 -1.0 -1.0 -1.0 -1.0
1 1144 173 1198 241 0.24 -1.0 -1.0 -1.0 -1.0 -1.0 -1.0 -1.0
2 543 149 596 269 0.32 -1.0 -1.0 -1.0 -1.0 -1.0 -1.0 -1.0
2 596 149 674 288 0.32 -1.0 -1.0 -1.0 -1.0 -1.0 -1.0 -1.0
2 180 157 213 223 0.23 -1.0 -1.0 -1.0 -1.0 -1.0 -1.0 -1.0
2 632 158 695 277 0.23 -1.0 -1.0 -1.0 -1.0 -1.0 -1.0 -1.0
