1 209 194 404 306 0.8 -1.0 -1.0 -1.0 -1.0 -1.0 -1.0 -1.0
1 373 198 470 256 0.62 -1.0 -1.0 -1.0 -1.0 -1.0 -1.0 -1.0
1 448 191 510 229 0.45 -1.0 -1.0 -1.0 -1.0 -1.0 -1.0 -1.0
1 918 136 1090 210 0.43 -1.0 -1.0 -1.0 -1.0 -1.0 -1.0 -1.0
1 683 172 742 215 0.43 -1.0 -1.0 -1.0 -1.0 -1.0 -1.0 -1.0
1 15 176 323 400 0.36 -1.0 -1.0 -1.0 -1.0 -1.0 -1.0 -1.0
1 1159 104 1218 162 0.3 -1.0 -1.0 -1.0 -1.0 -1.0 -1.0 -1.0
1 504 187 554 216 0.27 -1.0 -1.0 -1.0 -1.0 -1.0 -1.0 -1.0
1 631 172 698 213 0.24 -1.0 -1.0 -1.0 -1.0 -1.0 -1.0 -1.0
1 1203 117 1232 187 0.24 -1.0 -1.0 -1.0 -1.0 -1.0 -1.0 -1.0
1 1062 134 1178 191 0.22 -1.0 -1.0 -1.0 -1.0 -1.0 -1.0 -1.0
