1 203 198 404 305 0.84 -1.0 -1.0 -1.0 -1.0 -1.0 -1.0 -1.0
1 363 198 463 256 0.55 -1.0 -1.0 -1.0 -1.0 -1.0 -1.0 -1.0
1 432 190 508 234 0.53 -1.0 -1.0 -1.0 -1.0 -1.0 -1.0 -1.0
1 692 171 751 215 0.49 -1.0 -1.0 -1.0 -1.0 -1.0 -1.0 -1.0
1 932 122 1114 203 0.43 -1.0 -1.0 -1.0 -1.0 -1.0 -1.0 -1.0
1 473 183 543 219 0.39 -1.0 -1.0 -1.0 -1.0 -1.0 -1.0 -1.0
1 1169 93 1227 156 0.27 -1.0 -1.0 -1.0 -1.0 -1.0 -1.0 -1.0
1 637 171 711 210 0.22 -1.0 -1.0 -1.0 -1.0 -1.0 -1.0 -1.0
1 1203 114 1232 190 0.22 -1.0 -1.0 -1.0 -1.0 -1.0 -1.0 -1.0
1 1102 131 1196 191 0.21 -1.0 -1.0 -1.0 -1.0 -1.0 -1.0 -1.0
