1 843 151 1239 291 0.69 -1.0 -1.0 -1.0 -1.0 -1.0 -1.0 -1.0
1 373 184 470 244 0.62 -1.0 -1.0 -1.0 -1.0 -1.0 -1.0 -1.0
1 452 179 547 237 0.58 -1.0 -1.0 -1.0 -1.0 -1.0 -1.0 -1.0
1 807 146 947 195 0.39 -1.0 -1.0 -1.0 -1.0 -1.0 -1.0 -1.0
1 634 164 696 202 0.35 -1.0 -1.0 -1.0 -1.0 -1.0 -1.0 -1.0
1 1071 133 1209 192 0.3 -1.0 -1.0 -1.0 -1.0 -1.0 -1.0 -1.0
1 1200 127 1234 196 0.3 -1.0 -1.0 -1.0 -1.0 -1.0 -1.0 -1.0
1 393 182 527 239 0.3 -1.0 -1.0 -1.0 -1.0 -1.0 -1.0 -1.0
1 1002 124 1123 181 0.24 -1.0 -1.0 -1.0 -1.0 -1.0 -1.0 -1.0
1 869 152 984 194 0.23 -1.0 -1.0 -1.0 -1.0 -1.0 -1.0 -1.0
1 606 165 665 200 0.22 -1.0 -1.0 -1.0 -1.0 -1.0 -1.0 -1.0
