1 769 166 910 294 0.77 -1.0 -1.0 -1.0 -1.0 -1.0 -1.0 -1.0
1 114 215 435 381 0.76 -1.0 -1.0 -1.0 -1.0 -1.0 -1.0 -1.0
1 356 191 509 305 0.72 -1.0 -1.0 -1.0 -1.0 -1.0 -1.0 -1.0
1 833 165 923 235 0.57 -1.0 -1.0 -1.0 -1.0 -1.0 -1.0 -1.0
1 487 182 549 225 0.55 -1.0 -1.0 -1.0 -1.0 -1.0 -1.0 -1.0
1 604 167 647 193 0.31 -1.0 -1.0 -1.0 -1.0 -1.0 -1.0 -1.0
1 1041 157 1181 208 0.3 -1.0 -1.0 -1.0 -1.0 -1.0 -1.0 -1.0
1 770 166 852 220 0.29 -1.0 -1.0 -1.0 -1.0 -1.0 -1.0 -1.0
1 984 144 1140 199 0.26 -1.0 -1.0 -1.0 -1.0 -1.0 -1.0 -1.0
1 294 191 356 232 0.26 -1.0 -1.0 -1.0 -1.0 -1.0 -1.0 -1.0
