1 283 209 480 324 0.78 -1.0 -1.0 -1.0 -1.0 -1.0 -1.0 -1.0
1 739 178 839 263 0.7 -1.0 -1.0 -1.0 -1.0 -1.0 -1.0 -1.0
1 414 195 524 267 0.58 -1.0 -1.0 -1.0 -1.0 -1.0 -1.0 -1.0
1 819 180 881 224 0.55 -1.0 -1.0 -1.0 -1.0 -1.0 -1.0 -1.0
1 1049 162 1211 315 0.54 -1.0 -1.0 -1.0 -1.0 -1.0 -1.0 -1.0
1 985 156 1100 209 0.41 -1.0 -1.0 -1.0 -1.0 -1.0 -1.0 -1.0
1 519 184 554 217 0.39 -1.0 -1.0 -1.0 -1.0 -1.0 -1.0 -1.0
1 949 153 1079 206 0.35 -1.0 -1.0 -1.0 -1.0 -1.0 -1.0 -1.0
1 14 222 246 393 0.35 -1.0 -1.0 -1.0 -1.0 -1.0 -1.0 -1.0
1 91 200 151 240 0.23 -1.0 -1.0 -1.0 -1.0 -1.0 -1.0 -1.0
