0 1009 157 1095 282 0.26 -1.0 -1.0 -1.0 -1.0 -1.0 -1.0 -1.0
1 280 189 468 309 0.85 -1.0 -1.0 -1.0 -1.0 -1.0 -1.0 -1.0
1 412 190 513 256 0.7 -1.0 -1.0 -1.0 -1.0 -1.0 -1.0 -1.0
1 815 196 1020 322 0.65 -1.0 -1.0 -1.0 -1.0 -1.0 -1.0 -1.0
1 946 200 1216 394 0.59 -1.0 -1.0 -1.0 -1.0 -1.0 -1.0 -1.0
1 740 183 859 240 0.54 -1.0 -1.0 -1.0 -1.0 -1.0 -1.0 -1.0
1 475 185 541 233 0.47 -1.0 -1.0 -1.0 -1.0 -1.0 -1.0 -1.0
1 541 180 595 218 0.46 -1.0 -1.0 -1.0 -1.0 -1.0 -1.0 -1.0
1 866 163 929 202 0.27 -1.0 -1.0 -1.0 -1.0 -1.0 -1.0 -1.0
1 711 169 793 215 0.26 -1.0 -1.0 -1.0 -1.0 -1.0 -1.0 -1.0
1 666 175 722 207 0.23 -1.0 -1.0 -1.0 -1.0 -1.0 -1.0 -1.0
