1 794 179 961 316 0.86 -1.0 -1.0 -1.0 -1.0 -1.0 -1.0 -1.0
1 320 192 504 309 0.76 -1.0 -1.0 -1.0 -1.0 -1.0 -1.0 -1.0
1 474 187 544 233 0.49 -1.0 -1.0 -1.0 -1.0 -1.0 -1.0 -1.0
1 49 225 405 374 0.41 -1.0 -1.0 -1.0 -1.0 -1.0 -1.0 -1.0
1 1076 165 1223 216 0.4 -1.0 -1.0 -1.0 -1.0 -1.0 -1.0 -1.0
1 869 173 945 230 0.36 -1.0 -1.0 -1.0 -1.0 -1.0 -1.0 -1.0
1 789 165 870 221 0.36 -1.0 -1.0 -1.0 -1.0 -1.0 -1.0 -1.0
1 639 156 693 193 0.34 -1.0 -1.0 -1.0 -1.0 -1.0 -1.0 -1.0
1 981 160 1104 203 0.33 -1.0 -1.0 -1.0 -1.0 -1.0 -1.0 -1.0
1 1201 161 1233 203 0.33 -1.0 -1.0 -1.0 -1.0 -1.0 -1.0 -1.0
1 507 194 571 227 0.31 -1.0 -1.0 -1.0 -1.0 -1.0 -1.0 -1.0
