1 182 197 424 339 0.83 -1.0 -1.0 -1.0 -1.0 -1.0 -1.0 -1.0
1 804 191 1046 308 0.72 -1.0 -1.0 -1.0 -1.0 -1.0 -1.0 -1.0
1 404 173 498 248 0.59 -1.0 -1.0 -1.0 -1.0 -1.0 -1.0 -1.0
1 751 183 848 241 0.55 -1.0 -1.0 -1.0 -1.0 -1.0 -1.0 -1.0
1 15 197 244 380 0.4 -1.0 -1.0 -1.0 -1.0 -1.0 -1.0 -1.0
1 519 180 576 220 0.3 -1.0 -1.0 -1.0 -1.0 -1.0 -1.0 -1.0
1 1114 191 1221 404 0.28 -1.0 -1.0 -1.0 -1.0 -1.0 -1.0 -1.0
1 659 167 708 201 0.26 -1.0 -1.0 -1.0 -1.0 -1.0 -1.0 -1.0
1 911 188 1019 253 0.23 -1.0 -1.0 -1.0 -1.0 -1.0 -1.0 -1.0
1 307 178 383 226 0.22 -1.0 -1.0 -1.0 -1.0 -1.0 -1.0 -1.0
1 802 178 876 223 0.21 -1.0 -1.0 -1.0 -1.0 -1.0 -1.0 -1.0
