1 670 181 732 225 0.58 -1.0 -1.0 -1.0 -1.0 -1.0 -1.0 -1.0
1 279 188 466 288 0.57 -1.0 -1.0 -1.0 -1.0 -1.0 -1.0 -1.0
1 10 186 346 370 0.46 -1.0 -1.0 -1.0 -1.0 -1.0 -1.0 -1.0
1 795 173 884 214 0.46 -1.0 -1.0 -1.0 -1.0 -1.0 -1.0 -1.0
1 493 180 566 219 0.39 -1.0 -1.0 -1.0 -1.0 -1.0 -1.0 -1.0
1 892 172 1017 225 0.32 -1.0 -1.0 -1.0 -1.0 -1.0 -1.0 -1.0
1 364 187 499 255 0.31 -1.0 -1.0 -1.0 -1.0 -1.0 -1.0 -1.0
1 851 177 963 222 0.29 -1.0 -1.0 -1.0 -1.0 -1.0 -1.0 -1.0
1 723 166 781 203 0.27 -1.0 -1.0 -1.0 -1.0 -1.0 -1.0 -1.0
1 753 173 808 206 0.25 -1.0 -1.0 -1.0 -1.0 -1.0 -1.0 -1.0
