1 529 180 644 246 0.73 -1.0 -1.0 -1.0 -1.0 -1.0 -1.0 -1.0
1 814 183 959 295 0.69 -1.0 -1.0 -1.0 -1.0 -1.0 -1.0 -1.0
1 6 189 293 369 0.6 -1.0 -1.0 -1.0 -1.0 -1.0 -1.0 -1.0
1 865 204 1236 391 0.56 -1.0 -1.0 -1.0 -1.0 -1.0 -1.0 -1.0
1 669 163 716 196 0.43 -1.0 -1.0 -1.0 -1.0 -1.0 -1.0 -1.0
1 621 175 668 207 0.38 -1.0 -1.0 -1.0 -1.0 -1.0 -1.0 -1.0
1 790 165 827 199 0.32 -1.0 -1.0 -1.0 -1.0 -1.0 -1.0 -1.0
1 831 165 906 218 0.31 -1.0 -1.0 -1.0 -1.0 -1.0 -1.0 -1.0
1 759 143 801 182 0.24 -1.0 -1.0 -1.0 -1.0 -1.0 -1.0 -1.0
1 919 172 992 210 0.23 -1.0 -1.0 -1.0 -1.0 -1.0 -1.0 -1.0
