1 191 182 520 357 0.92 -1.0 -1.0 -1.0 -1.0 -1.0 -1.0 -1.0
1 812 184 1097 356 0.69 -1.0 -1.0 -1.0 -1.0 -1.0 -1.0 -1.0
1 545 172 608 209 0.56 -1.0 -1.0 -1.0 -1.0 -1.0 -1.0 -1.0
1 692 174 748 214 0.51 -1.0 -1.0 -1.0 -1.0 -1.0 -1.0 -1.0
1 738 163 807 203 0.49 -1.0 -1.0 -1.0 -1.0 -1.0 -1.0 -1.0
1 480 180 557 219 0.41 -1.0 -1.0 -1.0 -1.0 -1.0 -1.0 -1.0
1 418 183 522 236 0.31 -1.0 -1.0 -1.0 -1.0 -1.0 -1.0 -1.0
1 808 169 888 213 0.26 -1.0 -1.0 -1.0 -1.0 -1.0 -1.0 -1.0
1 865 177 949 224 0.25 -1.0 -1.0 -1.0 -1.0 -1.0 -1.0 -1.0
1 982 207 1218 428 0.21 -1.0 -1.0 -1.0 -1.0 -1.0 -1.0 -1.0
1 931 168 1000 212 0.21 -1.0 -1.0 -1.0 -1.0 -1.0 -1.0 -1.0
