1 26 186 448 372 0.76 -1.0 -1.0 -1.0 -1.0 -1.0 -1.0 -1.0
1 511 170 586 211 0.57 -1.0 -1.0 -1.0 -1.0 -1.0 -1.0 -1.0
1 674 174 734 215 0.51 -1.0 -1.0 -1.0 -1.0 -1.0 -1.0 -1.0
1 867 171 947 213 0.44 -1.0 -1.0 -1.0 -1.0 -1.0 -1.0 -1.0
1 732 164 792 199 0.42 -1.0 -1.0 -1.0 -1.0 -1.0 -1.0 -1.0
1 428 186 530 233 0.42 -1.0 -1.0 -1.0 -1.0 -1.0 -1.0 -1.0
1 387 191 476 249 0.41 -1.0 -1.0 -1.0 -1.0 -1.0 -1.0 -1.0
1 846 185 1217 390 0.38 -1.0 -1.0 -1.0 -1.0 -1.0 -1.0 -1.0
1 930 166 1000 201 0.37 -1.0 -1.0 -1.0 -1.0 -1.0 -1.0 -1.0
1 803 171 895 210 0.26 -1.0 -1.0 -1.0 -1.0 -1.0 -1.0 -1.0
1 957 153 1051 194 0.23 -1.0 -1.0 -1.0 -1.0 -1.0 -1.0 -1.0
1 334 186 451 255 0.21 -1.0 -1.0 -1.0 -1.0 -1.0 -1.0 -1.0
