1 69 191 386 349 0.85 -1.0 -1.0 -1.0 -1.0 -1.0 -1.0 -1.0
1 671 177 754 240 0.69 -1.0 -1.0 -1.0 -1.0 -1.0 -1.0 -1.0
1 300 191 466 273 0.6 -1.0 -1.0 -1.0 -1.0 -1.0 -1.0 -1.0
1 990 164 1153 233 0.48 -1.0 -1.0 -1.0 -1.0 -1.0 -1.0 -1.0
1 457 179 543 223 0.47 -1.0 -1.0 -1.0 -1.0 -1.0 -1.0 -1.0
1 916 174 1035 224 0.43 -1.0 -1.0 -1.0 -1.0 -1.0 -1.0 -1.0
1 898 174 1014 224 0.42 -1.0 -1.0 -1.0 -1.0 -1.0 -1.0 -1.0
1 822 169 913 214 0.42 -1.0 -1.0 -1.0 -1.0 -1.0 -1.0 -1.0
1 1109 145 1207 276 0.38 -1.0 -1.0 -1.0 -1.0 -1.0 -1.0 -1.0
1 855 171 941 214 0.32 -1.0 -1.0 -1.0 -1.0 -1.0 -1.0 -1.0
1 770 164 852 203 0.28 -1.0 -1.0 -1.0 -1.0 -1.0 -1.0 -1.0
1 728 167 795 202 0.24 -1.0 -1.0 -1.0 -1.0 -1.0 -1.0 -1.0
