1 1132 166 1240 274 0.68 -1.0 -1.0 -1.0 -1.0 -1.0 -1.0 -1.0
1 403 181 519 246 0.57 -1.0 -1.0 -1.0 -1.0 -1.0 -1.0 -1.0
1 1018 156 1182 247 0.5 -1.0 -1.0 -1.0 -1.0 -1.0 -1.0 -1.0
1 745 177 891 280 0.49 -1.0 -1.0 -1.0 -1.0 -1.0 -1.0 -1.0
1 879 160 1031 219 0.45 -1.0 -1.0 -1.0 -1.0 -1.0 -1.0 -1.0
1 759 157 862 207 0.34 -1.0 -1.0 -1.0 -1.0 -1.0 -1.0 -1.0
1 712 170 849 249 0.34 -1.0 -1.0 -1.0 -1.0 -1.0 -1.0 -1.0
1 33 207 363 352 0.33 -1.0 -1.0 -1.0 -1.0 -1.0 -1.0 -1.0
1 708 183 795 237 0.33 -1.0 -1.0 -1.0 -1.0 -1.0 -1.0 -1.0
1 825 166 932 213 0.32 -1.0 -1.0 -1.0 -1.0 -1.0 -1.0 -1.0
1 501 175 577 212 0.31 -1.0 -1.0 -1.0 -1.0 -1.0 -1.0 -1.0
1 974 161 1112 239 0.3 -1.0 -1.0 -1.0 -1.0 -1.0 -1.0 -1.0
1 441 174 558 228 0.28 -1.0 -1.0 -1.0 -1.0 -1.0 -1.0 -1.0
1 562 176 614 206 0.21 -1.0 -1.0 -1.0 -1.0 -1.0 -1.0 -1.0
