1 204 193 444 308 0.69 -1.0 -1.0 -1.0 -1.0 -1.0 -1.0 -1.0
1 971 170 1116 236 0.6 -1.0 -1.0 -1.0 -1.0 -1.0 -1.0 -1.0
1 1113 166 1223 238 0.58 -1.0 -1.0 -1.0 -1.0 -1.0 -1.0 -1.0
1 690 182 790 255 0.53 -1.0 -1.0 -1.0 -1.0 -1.0 -1.0 -1.0
1 444 178 553 227 0.53 -1.0 -1.0 -1.0 -1.0 -1.0 -1.0 -1.0
1 848 166 966 219 0.46 -1.0 -1.0 -1.0 -1.0 -1.0 -1.0 -1.0
1 14 211 265 367 0.33 -1.0 -1.0 -1.0 -1.0 -1.0 -1.0 -1.0
1 911 171 1059 229 0.23 -1.0 -1.0 -1.0 -1.0 -1.0 -1.0 -1.0
1 1201 170 1234 250 0.22 -1.0 -1.0 -1.0 -1.0 -1.0 -1.0 -1.0
1 737 164 805 205 0.21 -1.0 -1.0 -1.0 -1.0 -1.0 -1.0 -1.0
