0 423 115 457 231 0.21 -1.0 -1.0 -1.0 -1.0 -1.0 -1.0 -1.0
1 507 178 644 246 0.75 -1.0 -1.0 -1.0 -1.0 -1.0 -1.0 -1.0
1 822 175 972 306 0.64 -1.0 -1.0 -1.0 -1.0 -1.0 -1.0 -1.0
1 17 181 223 375 0.49 -1.0 -1.0 -1.0 -1.0 -1.0 -1.0 -1.0
1 878 199 1225 396 0.47 -1.0 -1.0 -1.0 -1.0 -1.0 -1.0 -1.0
1 596 175 654 210 0.39 -1.0 -1.0 -1.0 -1.0 -1.0 -1.0 -1.0
1 658 163 707 195 0.38 -1.0 -1.0 -1.0 -1.0 -1.0 -1.0 -1.0
1 779 159 836 202 0.37 -1.0 -1.0 -1.0 -1.0 -1.0 -1.0 -1.0
1 911 163 980 198 0.27 -1.0 -1.0 -1.0 -1.0 -1.0 -1.0 -1.0
1 810 160 888 207 0.26 -1.0 -1.0 -1.0 -1.0 -1.0 -1.0 -1.0
1 742 143 799 182 0.22 -1.0 -1.0 -1.0 -1.0 -1.0 -1.0 -1.0
