1 44 195 409 363 0.81 -1.0 -1.0 -1.0 -1.0 -1.0 -1.0 -1.0
1 1029 162 1193 257 0.73 -1.0 -1.0 -1.0 -1.0 -1.0 -1.0 -1.0
1 710 176 830 264 0.64 -1.0 -1.0 -1.0 -1.0 -1.0 -1.0 -1.0
1 427 183 533 237 0.53 -1.0 -1.0 -1.0 -1.0 -1.0 -1.0 -1.0
1 937 163 1071 240 0.45 -1.0 -1.0 -1.0 -1.0 -1.0 -1.0 -1.0
1 893 161 1018 223 0.36 -1.0 -1.0 -1.0 -1.0 -1.0 -1.0 -1.0
1 852 165 982 217 0.36 -1.0 -1.0 -1.0 -1.0 -1.0 -1.0 -1.0
1 821 166 935 214 0.34 -1.0 -1.0 -1.0 -1.0 -1.0 -1.0 -1.0
1 692 184 772 241 0.34 -1.0 -1.0 -1.0 -1.0 -1.0 -1.0 -1.0
1 1201 183 1234 256 0.32 -1.0 -1.0 -1.0 -1.0 -1.0 -1.0 -1.0
1 1122 186 1216 237 0.24 -1.0 -1.0 -1.0 -1.0 -1.0 -1.0 -1.0
