1 800 179 1167 379 0.84 -1.0 -1.0 -1.0 -1.0 -1.0 -1.0 -1.0
1 222 158 447 285 0.47 -1.0 -1.0 -1.0 -1.0 -1.0 -1.0 -1.0
1 790 151 946 214 0.46 -1.0 -1.0 -1.0 -1.0 -1.0 -1.0 -1.0
1 1075 162 1243 258 0.45 -1.0 -1.0 -1.0 -1.0 -1.0 -1.0 -1.0
1 391 170 511 235 0.42 -1.0 -1.0 -1.0 -1.0 -1.0 -1.0 -1.0
1 902 157 1066 227 0.38 -1.0 -1.0 -1.0 -1.0 -1.0 -1.0 -1.0
1 455 181 525 221 0.33 -1.0 -1.0 -1.0 -1.0 -1.0 -1.0 -1.0
1 944 151 1160 252 0.27 -1.0 -1.0 -1.0 -1.0 -1.0 -1.0 -1.0
1 37 170 186 232 0.25 -1.0 -1.0 -1.0 -1.0 -1.0 -1.0 -1.0
1 1199 168 1235 272 0.22 -1.0 -1.0 -1.0 -1.0 -1.0 -1.0 -1.0
