1 789 180 1102 360 0.81 -1.0 -1.0 -1.0 -1.0 -1.0 -1.0 -1.0
1 13 174 384 366 0.71 -1.0 -1.0 -1.0 -1.0 -1.0 -1.0 -1.0
1 1040 155 1238 264 0.53 -1.0 -1.0 -1.0 -1.0 -1.0 -1.0 -1.0
1 890 152 1060 230 0.41 -1.0 -1.0 -1.0 -1.0 -1.0 -1.0 -1.0
1 273 161 474 277 0.39 -1.0 -1.0 -1.0 -1.0 -1.0 -1.0 -1.0
1 425 178 514 227 0.37 -1.0 -1.0 -1.0 -1.0 -1.0 -1.0 -1.0
1 810 152 944 211 0.35 -1.0 -1.0 -1.0 -1.0 -1.0 -1.0 -1.0
1 482 183 533 216 0.35 -1.0 -1.0 -1.0 -1.0 -1.0 -1.0 -1.0
1 1199 169 1234 272 0.29 -1.0 -1.0 -1.0 -1.0 -1.0 -1.0 -1.0
1 923 148 1143 253 0.25 -1.0 -1.0 -1.0 -1.0 -1.0 -1.0 -1.0
