1 381 184 520 257 0.73 -1.0 -1.0 -1.0 -1.0 -1.0 -1.0 -1.0
1 766 176 948 302 0.68 -1.0 -1.0 -1.0 -1.0 -1.0 -1.0 -1.0
1 712 179 829 242 0.58 -1.0 -1.0 -1.0 -1.0 -1.0 -1.0 -1.0
1 1006 154 1177 248 0.47 -1.0 -1.0 -1.0 -1.0 -1.0 -1.0 -1.0
1 729 163 890 241 0.42 -1.0 -1.0 -1.0 -1.0 -1.0 -1.0 -1.0
1 1062 163 1216 257 0.4 -1.0 -1.0 -1.0 -1.0 -1.0 -1.0 -1.0
1 442 172 558 231 0.39 -1.0 -1.0 -1.0 -1.0 -1.0 -1.0 -1.0
1 861 162 973 222 0.37 -1.0 -1.0 -1.0 -1.0 -1.0 -1.0 -1.0
1 14 212 266 365 0.34 -1.0 -1.0 -1.0 -1.0 -1.0 -1.0 -1.0
1 930 159 1078 221 0.32 -1.0 -1.0 -1.0 -1.0 -1.0 -1.0 -1.0
1 1124 166 1232 256 0.31 -1.0 -1.0 -1.0 -1.0 -1.0 -1.0 -1.0
1 505 175 572 214 0.3 -1.0 -1.0 -1.0 -1.0 -1.0 -1.0 -1.0
1 1200 164 1234 277 0.28 -1.0 -1.0 -1.0 -1.0 -1.0 -1.0 -1.0
