0 880 170 927 294 0.56 -1.0 -1.0 -1.0 -1.0 -1.0 -1.0 -1.0
0 353 163 409 301 0.48 -1.0 -1.0 -1.0 -1.0 -1.0 -1.0 -1.0
0 746 171 807 325 0.45 -1.0 -1.0 -1.0 -1.0 -1.0 -1.0 -1.0
0 697 173 742 286 0.39 -1.0 -1.0 -1.0 -1.0 -1.0 -1.0 -1.0
0 653 168 688 255 0.31 -1.0 -1.0 -1.0 -1.0 -1.0 -1.0 -1.0
0 940 185 980 292 0.29 -1.0 -1.0 -1.0 -1.0 -1.0 -1.0 -1.0
1 552 182 596 219 0.56 -1.0 -1.0 -1.0 -1.0 -1.0 -1.0 -1.0
1 999 248 1061 289 0.32 -1.0 -1.0 -1.0 -1.0 -1.0 -1.0 -1.0
2 259 177 329 301 0.49 -1.0 -1.0 -1.0 -1.0 -1.0 -1.0 -1.0
2 349 167 413 309 0.29 -1.0 -1.0 -1.0 -1.0 -1.0 -1.0 -1.0
