0 720 158 774 287 0.35 -1.0 -1.0 -1.0 -1.0 -1.0 -1.0 -1.0
0 407 165 450 274 0.3 -1.0 -1.0 -1.0 -1.0 -1.0 -1.0 -1.0
0 827 165 863 256 0.3 -1.0 -1.0 -1.0 -1.0 -1.0 -1.0 -1.0
0 653 156 686 248 0.29 -1.0 -1.0 -1.0 -1.0 -1.0 -1.0 -1.0
0 857 166 890 256 0.28 -1.0 -1.0 -1.0 -1.0 -1.0 -1.0 -1.0
0 682 164 717 255 0.25 -1.0 -1.0 -1.0 -1.0 -1.0 -1.0 -1.0
0 755 152 800 270 0.24 -1.0 -1.0 -1.0 -1.0 -1.0 -1.0 -1.0
1 551 175 597 213 0.44 -1.0 -1.0 -1.0 -1.0 -1.0 -1.0 -1.0
1 912 220 954 256 0.3 -1.0 -1.0 -1.0 -1.0 -1.0 -1.0 -1.0
2 323 175 384 283 0.43 -1.0 -1.0 -1.0 -1.0 -1.0 -1.0 -1.0
2 407 165 450 274 0.21 -1.0 -1.0 -1.0 -1.0 -1.0 -1.0 -1.0
