0 387 161 431 280 0.46 -1.0 -1.0 -1.0 -1.0 -1.0 -1.0 -1.0
0 853 163 896 277 0.45 -1.0 -1.0 -1.0 -1.0 -1.0 -1.0 -1.0
0 729 158 786 302 0.39 -1.0 -1.0 -1.0 -1.0 -1.0 -1.0 -1.0
0 313 175 351 268 0.28 -1.0 -1.0 -1.0 -1.0 -1.0 -1.0 -1.0
0 882 169 926 270 0.25 -1.0 -1.0 -1.0 -1.0 -1.0 -1.0 -1.0
0 696 169 743 270 0.24 -1.0 -1.0 -1.0 -1.0 -1.0 -1.0 -1.0
0 653 158 689 245 0.22 -1.0 -1.0 -1.0 -1.0 -1.0 -1.0 -1.0
1 550 175 600 212 0.41 -1.0 -1.0 -1.0 -1.0 -1.0 -1.0 -1.0
1 944 229 999 265 0.28 -1.0 -1.0 -1.0 -1.0 -1.0 -1.0 -1.0
2 304 175 346 267 0.25 -1.0 -1.0 -1.0 -1.0 -1.0 -1.0 -1.0
