0 978 139 1060 339 0.5 -1.0 -1.0 -1.0 -1.0 -1.0 -1.0 -1.0
0 475 155 519 268 0.39 -1.0 -1.0 -1.0 -1.0 -1.0 -1.0 -1.0
0 1038 123 1117 319 0.38 -1.0 -1.0 -1.0 -1.0 -1.0 -1.0 -1.0
0 590 158 618 225 0.26 -1.0 -1.0 -1.0 -1.0 -1.0 -1.0 -1.0
1 557 162 593 202 0.22 -1.0 -1.0 -1.0 -1.0 -1.0 -1.0 -1.0
2 344 162 436 297 0.35 -1.0 -1.0 -1.0 -1.0 -1.0 -1.0 -1.0
2 632 154 672 245 0.3 -1.0 -1.0 -1.0 -1.0 -1.0 -1.0 -1.0
2 467 167 512 269 0.26 -1.0 -1.0 -1.0 -1.0 -1.0 -1.0 -1.0
2 679 160 725 241 0.25 -1.0 -1.0 -1.0 -1.0 -1.0 -1.0 -1.0
2 414 179 469 261 0.25 -1.0 -1.0 -1.0 -1.0 -1.0 -1.0 -1.0
