0 717 165 778 298 0.37 -1.0 -1.0 -1.0 -1.0 -1.0 -1.0 -1.0
0 872 160 913 262 0.31 -1.0 -1.0 -1.0 -1.0 -1.0 -1.0 -1.0
0 844 163 884 258 0.29 -1.0 -1.0 -1.0 -1.0 -1.0 -1.0 -1.0
0 766 155 806 266 0.22 -1.0 -1.0 -1.0 -1.0 -1.0 -1.0 -1.0
0 388 169 435 272 0.21 -1.0 -1.0 -1.0 -1.0 -1.0 -1.0 -1.0
1 552 174 598 213 0.45 -1.0 -1.0 -1.0 -1.0 -1.0 -1.0 -1.0
1 919 218 987 257 0.28 -1.0 -1.0 -1.0 -1.0 -1.0 -1.0 -1.0
2 305 180 364 277 0.34 -1.0 -1.0 -1.0 -1.0 -1.0 -1.0 -1.0
2 646 157 680 243 0.23 -1.0 -1.0 -1.0 -1.0 -1.0 -1.0 -1.0
2 716 169 780 308 0.23 -1.0 -1.0 -1.0 -1.0 -1.0 -1.0 -1.0
2 388 169 435 272 0.21 -1.0 -1.0 -1.0 -1.0 -1.0 -1.0 -1.0
