0 332 157 394 322 0.63 -1.0 -1.0 -1.0 -1.0 -1.0 -1.0 -1.0
0 914 168 969 309 0.55 -1.0 -1.0 -1.0 -1.0 -1.0 -1.0 -1.0
0 757 170 815 325 0.46 -1.0 -1.0 -1.0 -1.0 -1.0 -1.0 -1.0
0 975 180 1024 295 0.42 -1.0 -1.0 -1.0 -1.0 -1.0 -1.0 -1.0
0 711 170 764 290 0.4 -1.0 -1.0 -1.0 -1.0 -1.0 -1.0 -1.0
1 551 185 596 221 0.37 -1.0 -1.0 -1.0 -1.0 -1.0 -1.0 -1.0
2 232 187 298 312 0.51 -1.0 -1.0 -1.0 -1.0 -1.0 -1.0 -1.0
2 643 166 681 256 0.3 -1.0 -1.0 -1.0 -1.0 -1.0 -1.0 -1.0
2 17 187 126 329 0.29 -1.0 -1.0 -1.0 -1.0 -1.0 -1.0 -1.0
2 677 169 724 272 0.21 -1.0 -1.0 -1.0 -1.0 -1.0 -1.0 -1.0
