0 729 167 790 310 0.51 -1.0 -1.0 -1.0 -1.0 -1.0 -1.0 -1.0
0 862 174 906 285 0.49 -1.0 -1.0 -1.0 -1.0 -1.0 -1.0 -1.0
0 365 168 418 294 0.4 -1.0 -1.0 -1.0 -1.0 -1.0 -1.0 -1.0
0 915 185 951 275 0.33 -1.0 -1.0 -1.0 -1.0 -1.0 -1.0 -1.0
0 699 172 741 269 0.21 -1.0 -1.0 -1.0 -1.0 -1.0 -1.0 -1.0
1 551 183 596 219 0.53 -1.0 -1.0 -1.0 -1.0 -1.0 -1.0 -1.0
1 975 238 1027 281 0.35 -1.0 -1.0 -1.0 -1.0 -1.0 -1.0 -1.0
2 281 169 348 290 0.46 -1.0 -1.0 -1.0 -1.0 -1.0 -1.0 -1.0
2 365 168 418 294 0.26 -1.0 -1.0 -1.0 -1.0 -1.0 -1.0 -1.0
2 12 170 110 306 0.24 -1.0 -1.0 -1.0 -1.0 -1.0 -1.0 -1.0
2 645 166 681 252 0.22 -1.0 -1.0 -1.0 -1.0 -1.0 -1.0 -1.0
