0 364 161 417 301 0.57 -1.0 -1.0 -1.0 -1.0 -1.0 -1.0 -1.0
0 735 165 799 318 0.52 -1.0 -1.0 -1.0 -1.0 -1.0 -1.0 -1.0
0 871 172 916 289 0.51 -1.0 -1.0 -1.0 -1.0 -1.0 -1.0 -1.0
0 686 165 732 276 0.37 -1.0 -1.0 -1.0 -1.0 -1.0 -1.0 -1.0
0 935 199 967 277 0.24 -1.0 -1.0 -1.0 -1.0 -1.0 -1.0 -1.0
0 651 167 689 255 0.21 -1.0 -1.0 -1.0 -1.0 -1.0 -1.0 -1.0
1 551 182 596 219 0.55 -1.0 -1.0 -1.0 -1.0 -1.0 -1.0 -1.0
1 991 249 1048 284 0.26 -1.0 -1.0 -1.0 -1.0 -1.0 -1.0 -1.0
2 275 176 334 285 0.43 -1.0 -1.0 -1.0 -1.0 -1.0 -1.0 -1.0
2 8 181 95 313 0.26 -1.0 -1.0 -1.0 -1.0 -1.0 -1.0 -1.0
2 646 170 679 250 0.23 -1.0 -1.0 -1.0 -1.0 -1.0 -1.0 -1.0
