0 976 167 1042 331 0.61 -1.0 -1.0 -1.0 -1.0 -1.0 -1.0 -1.0
0 300 159 366 323 0.57 -1.0 -1.0 -1.0 -1.0 -1.0 -1.0 -1.0
0 1055 166 1120 332 0.54 -1.0 -1.0 -1.0 -1.0 -1.0 -1.0 -1.0
0 772 168 840 334 0.44 -1.0 -1.0 -1.0 -1.0 -1.0 -1.0 -1.0
0 689 169 748 296 0.43 -1.0 -1.0 -1.0 -1.0 -1.0 -1.0 -1.0
1 541 182 591 224 0.48 -1.0 -1.0 -1.0 -1.0 -1.0 -1.0 -1.0
2 169 170 264 327 0.52 -1.0 -1.0 -1.0 -1.0 -1.0 -1.0 -1.0
2 771 174 844 341 0.27 -1.0 -1.0 -1.0 -1.0 -1.0 -1.0 -1.0
2 647 177 679 261 0.24 -1.0 -1.0 -1.0 -1.0 -1.0 -1.0 -1.0
2 420 187 459 251 0.21 -1.0 -1.0 -1.0 -1.0 -1.0 -1.0 -1.0
