0 994 163 1064 334 0.64 -1.0 -1.0 -1.0 -1.0 -1.0 -1.0 -1.0
0 1076 164 1155 352 0.6 -1.0 -1.0 -1.0 -1.0 -1.0 -1.0 -1.0
0 288 155 358 328 0.58 -1.0 -1.0 -1.0 -1.0 -1.0 -1.0 -1.0
0 781 167 848 337 0.52 -1.0 -1.0 -1.0 -1.0 -1.0 -1.0 -1.0
0 699 167 758 295 0.41 -1.0 -1.0 -1.0 -1.0 -1.0 -1.0 -1.0
1 541 182 591 222 0.51 -1.0 -1.0 -1.0 -1.0 -1.0 -1.0 -1.0
2 145 161 253 336 0.53 -1.0 -1.0 -1.0 -1.0 -1.0 -1.0 -1.0
2 637 159 687 264 0.34 -1.0 -1.0 -1.0 -1.0 -1.0 -1.0 -1.0
2 686 174 738 284 0.26 -1.0 -1.0 -1.0 -1.0 -1.0 -1.0 -1.0
2 774 176 844 340 0.22 -1.0 -1.0 -1.0 -1.0 -1.0 -1.0 -1.0
