0 556 161 612 303 0.56 -1.0 -1.0 -1.0 -1.0 -1.0 -1.0 -1.0
0 897 153 965 346 0.52 -1.0 -1.0 -1.0 -1.0 -1.0 -1.0 -1.0
0 658 156 705 282 0.51 -1.0 -1.0 -1.0 -1.0 -1.0 -1.0 -1.0
0 726 161 790 317 0.49 -1.0 -1.0 -1.0 -1.0 -1.0 -1.0 -1.0
0 931 166 1008 368 0.42 -1.0 -1.0 -1.0 -1.0 -1.0 -1.0 -1.0
0 758 158 835 320 0.42 -1.0 -1.0 -1.0 -1.0 -1.0 -1.0 -1.0
0 786 152 845 306 0.41 -1.0 -1.0 -1.0 -1.0 -1.0 -1.0 -1.0
0 698 159 740 279 0.33 -1.0 -1.0 -1.0 -1.0 -1.0 -1.0 -1.0
0 990 184 1048 335 0.29 -1.0 -1.0 -1.0 -1.0 -1.0 -1.0 -1.0
1 497 175 561 232 0.51 -1.0 -1.0 -1.0 -1.0 -1.0 -1.0 -1.0
2 405 164 455 258 0.27 -1.0 -1.0 -1.0 -1.0 -1.0 -1.0 -1.0
