0 711 155 787 323 0.59 -1.0 -1.0 -1.0 -1.0 -1.0 -1.0 -1.0
0 877 152 949 347 0.58 -1.0 -1.0 -1.0 -1.0 -1.0 -1.0 -1.0
0 544 156 602 305 0.5 -1.0 -1.0 -1.0 -1.0 -1.0 -1.0 -1.0
0 639 158 686 279 0.47 -1.0 -1.0 -1.0 -1.0 -1.0 -1.0 -1.0
0 762 146 833 311 0.42 -1.0 -1.0 -1.0 -1.0 -1.0 -1.0 -1.0
0 674 158 725 283 0.42 -1.0 -1.0 -1.0 -1.0 -1.0 -1.0 -1.0
0 913 169 988 348 0.39 -1.0 -1.0 -1.0 -1.0 -1.0 -1.0 -1.0
0 956 181 1024 356 0.34 -1.0 -1.0 -1.0 -1.0 -1.0 -1.0 -1.0
0 386 147 434 274 0.31 -1.0 -1.0 -1.0 -1.0 -1.0 -1.0 -1.0
1 495 177 561 239 0.51 -1.0 -1.0 -1.0 -1.0 -1.0 -1.0 -1.0
