0 566 158 623 305 0.58 -1.0 -1.0 -1.0 -1.0 -1.0 -1.0 -1.0
0 904 149 978 351 0.5 -1.0 -1.0 -1.0 -1.0 -1.0 -1.0 -1.0
0 742 163 811 317 0.45 -1.0 -1.0 -1.0 -1.0 -1.0 -1.0 -1.0
0 769 162 844 318 0.43 -1.0 -1.0 -1.0 -1.0 -1.0 -1.0 -1.0
0 669 155 711 269 0.42 -1.0 -1.0 -1.0 -1.0 -1.0 -1.0 -1.0
0 948 162 1031 373 0.36 -1.0 -1.0 -1.0 -1.0 -1.0 -1.0 -1.0
0 719 162 760 277 0.3 -1.0 -1.0 -1.0 -1.0 -1.0 -1.0 -1.0
0 985 172 1052 364 0.28 -1.0 -1.0 -1.0 -1.0 -1.0 -1.0 -1.0
1 505 175 569 230 0.64 -1.0 -1.0 -1.0 -1.0 -1.0 -1.0 -1.0
2 413 162 464 261 0.21 -1.0 -1.0 -1.0 -1.0 -1.0 -1.0 -1.0
