0 772 154 843 345 0.64 -1.0 -1.0 -1.0 -1.0 -1.0 -1.0 -1.0
0 965 159 1016 280 0.32 -1.0 -1.0 -1.0 -1.0 -1.0 -1.0 -1.0
0 877 169 947 328 0.31 -1.0 -1.0 -1.0 -1.0 -1.0 -1.0 -1.0
0 1136 156 1177 267 0.22 -1.0 -1.0 -1.0 -1.0 -1.0 -1.0 -1.0
1 888 176 955 287 0.21 -1.0 -1.0 -1.0 -1.0 -1.0 -1.0 -1.0
2 196 171 274 329 0.42 -1.0 -1.0 -1.0 -1.0 -1.0 -1.0 -1.0
2 94 162 205 318 0.41 -1.0 -1.0 -1.0 -1.0 -1.0 -1.0 -1.0
2 512 160 563 261 0.41 -1.0 -1.0 -1.0 -1.0 -1.0 -1.0 -1.0
2 25 163 140 313 0.24 -1.0 -1.0 -1.0 -1.0 -1.0 -1.0 -1.0
2 965 159 1016 280 0.24 -1.0 -1.0 -1.0 -1.0 -1.0 -1.0 -1.0
