0 725 171 791 330 0.39 -1.0 -1.0 -1.0 -1.0 -1.0 -1.0 -1.0
0 1085 138 1145 287 0.36 -1.0 -1.0 -1.0 -1.0 -1.0 -1.0 -1.0
0 1006 149 1051 271 0.35 -1.0 -1.0 -1.0 -1.0 -1.0 -1.0 -1.0
0 312 167 356 278 0.32 -1.0 -1.0 -1.0 -1.0 -1.0 -1.0 -1.0
1 6 207 38 268 0.27 -1.0 -1.0 -1.0 -1.0 -1.0 -1.0 -1.0
1 997 158 1043 227 0.22 -1.0 -1.0 -1.0 -1.0 -1.0 -1.0 -1.0
2 378 155 445 283 0.5 -1.0 -1.0 -1.0 -1.0 -1.0 -1.0 -1.0
2 811 174 881 322 0.43 -1.0 -1.0 -1.0 -1.0 -1.0 -1.0 -1.0
2 723 178 794 337 0.34 -1.0 -1.0 -1.0 -1.0 -1.0 -1.0 -1.0
2 310 171 358 286 0.32 -1.0 -1.0 -1.0 -1.0 -1.0 -1.0 -1.0
2 1079 140 1151 300 0.3 -1.0 -1.0 -1.0 -1.0 -1.0 -1.0 -1.0
2 616 152 669 249 0.22 -1.0 -1.0 -1.0 -1.0 -1.0 -1.0 -1.0
