0 717 146 779 315 0.59 -1.0 -1.0 -1.0 -1.0 -1.0 -1.0 -1.0
0 1076 122 1157 303 0.45 -1.0 -1.0 -1.0 -1.0 -1.0 -1.0 -1.0
0 272 166 317 281 0.34 -1.0 -1.0 -1.0 -1.0 -1.0 -1.0 -1.0
0 1044 148 1089 255 0.22 -1.0 -1.0 -1.0 -1.0 -1.0 -1.0 -1.0
0 809 170 861 291 0.21 -1.0 -1.0 -1.0 -1.0 -1.0 -1.0 -1.0
1 11 191 33 265 0.24 -1.0 -1.0 -1.0 -1.0 -1.0 -1.0 -1.0
2 350 146 417 275 0.5 -1.0 -1.0 -1.0 -1.0 -1.0 -1.0 -1.0
2 272 172 317 286 0.36 -1.0 -1.0 -1.0 -1.0 -1.0 -1.0 -1.0
2 1077 123 1172 315 0.3 -1.0 -1.0 -1.0 -1.0 -1.0 -1.0 -1.0
2 809 170 861 291 0.25 -1.0 -1.0 -1.0 -1.0 -1.0 -1.0 -1.0
