0 779 151 852 346 0.64 -1.0 -1.0 -1.0 -1.0 -1.0 -1.0 -1.0
0 192 157 259 324 0.43 -1.0 -1.0 -1.0 -1.0 -1.0 -1.0 -1.0
0 953 153 1011 289 0.32 -1.0 -1.0 -1.0 -1.0 -1.0 -1.0 -1.0
0 1125 144 1186 315 0.29 -1.0 -1.0 -1.0 -1.0 -1.0 -1.0 -1.0
0 874 169 953 328 0.23 -1.0 -1.0 -1.0 -1.0 -1.0 -1.0 -1.0
1 888 171 955 292 0.21 -1.0 -1.0 -1.0 -1.0 -1.0 -1.0 -1.0
2 498 157 559 265 0.42 -1.0 -1.0 -1.0 -1.0 -1.0 -1.0 -1.0
2 953 153 1011 289 0.31 -1.0 -1.0 -1.0 -1.0 -1.0 -1.0 -1.0
2 869 170 957 343 0.28 -1.0 -1.0 -1.0 -1.0 -1.0 -1.0 -1.0
2 89 170 172 309 0.27 -1.0 -1.0 -1.0 -1.0 -1.0 -1.0 -1.0
2 35 165 130 312 0.21 -1.0 -1.0 -1.0 -1.0 -1.0 -1.0 -1.0
