0 1013 146 1063 274 0.42 -1.0 -1.0 -1.0 -1.0 -1.0 -1.0 -1.0
0 1087 137 1143 288 0.42 -1.0 -1.0 -1.0 -1.0 -1.0 -1.0 -1.0
0 1130 129 1197 291 0.41 -1.0 -1.0 -1.0 -1.0 -1.0 -1.0 -1.0
0 301 176 344 285 0.32 -1.0 -1.0 -1.0 -1.0 -1.0 -1.0 -1.0
0 728 164 788 317 0.31 -1.0 -1.0 -1.0 -1.0 -1.0 -1.0 -1.0
1 6 198 40 262 0.28 -1.0 -1.0 -1.0 -1.0 -1.0 -1.0 -1.0
1 992 159 1049 225 0.24 -1.0 -1.0 -1.0 -1.0 -1.0 -1.0 -1.0
2 369 159 437 280 0.5 -1.0 -1.0 -1.0 -1.0 -1.0 -1.0 -1.0
2 809 159 879 322 0.43 -1.0 -1.0 -1.0 -1.0 -1.0 -1.0 -1.0
2 728 164 788 317 0.37 -1.0 -1.0 -1.0 -1.0 -1.0 -1.0 -1.0
2 301 176 344 285 0.31 -1.0 -1.0 -1.0 -1.0 -1.0 -1.0 -1.0
