0 784 152 849 331 0.52 -1.0 -1.0 -1.0 -1.0 -1.0 -1.0 -1.0
0 183 179 248 322 0.28 -1.0 -1.0 -1.0 -1.0 -1.0 -1.0 -1.0
0 939 149 1003 295 0.26 -1.0 -1.0 -1.0 -1.0 -1.0 -1.0 -1.0
0 965 147 1015 275 0.26 -1.0 -1.0 -1.0 -1.0 -1.0 -1.0 -1.0
2 477 153 538 270 0.5 -1.0 -1.0 -1.0 -1.0 -1.0 -1.0 -1.0
2 702 155 738 246 0.31 -1.0 -1.0 -1.0 -1.0 -1.0 -1.0 -1.0
2 1129 128 1199 312 0.29 -1.0 -1.0 -1.0 -1.0 -1.0 -1.0 -1.0
2 873 164 955 314 0.28 -1.0 -1.0 -1.0 -1.0 -1.0 -1.0 -1.0
2 933 149 1008 311 0.28 -1.0 -1.0 -1.0 -1.0 -1.0 -1.0 -1.0
2 181 186 250 329 0.28 -1.0 -1.0 -1.0 -1.0 -1.0 -1.0 -1.0
2 57 165 163 313 0.24 -1.0 -1.0 -1.0 -1.0 -1.0 -1.0 -1.0
2 779 154 855 343 0.23 -1.0 -1.0 -1.0 -1.0 -1.0 -1.0 -1.0
