0 733 159 801 337 0.55 -1.0 -1.0 -1.0 -1.0 -1.0 -1.0 -1.0
0 1005 152 1050 270 0.39 -1.0 -1.0 -1.0 -1.0 -1.0 -1.0 -1.0
0 825 168 886 311 0.35 -1.0 -1.0 -1.0 -1.0 -1.0 -1.0 -1.0
0 1086 141 1145 282 0.33 -1.0 -1.0 -1.0 -1.0 -1.0 -1.0 -1.0
0 1160 144 1208 279 0.28 -1.0 -1.0 -1.0 -1.0 -1.0 -1.0 -1.0
0 329 164 380 279 0.26 -1.0 -1.0 -1.0 -1.0 -1.0 -1.0 -1.0
1 29 207 75 270 0.31 -1.0 -1.0 -1.0 -1.0 -1.0 -1.0 -1.0
2 330 172 380 285 0.39 -1.0 -1.0 -1.0 -1.0 -1.0 -1.0 -1.0
2 390 163 453 276 0.37 -1.0 -1.0 -1.0 -1.0 -1.0 -1.0 -1.0
2 1083 148 1149 292 0.21 -1.0 -1.0 -1.0 -1.0 -1.0 -1.0 -1.0
