0 771 146 842 336 0.65 -1.0 -1.0 -1.0 -1.0 -1.0 -1.0 -1.0
0 132 161 204 337 0.4 -1.0 -1.0 -1.0 -1.0 -1.0 -1.0 -1.0
0 1128 143 1182 280 0.37 -1.0 -1.0 -1.0 -1.0 -1.0 -1.0 -1.0
0 990 148 1027 255 0.36 -1.0 -1.0 -1.0 -1.0 -1.0 -1.0 -1.0
0 868 177 937 301 0.28 -1.0 -1.0 -1.0 -1.0 -1.0 -1.0 -1.0
0 918 151 964 269 0.28 -1.0 -1.0 -1.0 -1.0 -1.0 -1.0 -1.0
1 867 177 936 285 0.32 -1.0 -1.0 -1.0 -1.0 -1.0 -1.0 -1.0
2 685 144 735 240 0.32 -1.0 -1.0 -1.0 -1.0 -1.0 -1.0 -1.0
2 438 149 502 270 0.29 -1.0 -1.0 -1.0 -1.0 -1.0 -1.0 -1.0
2 10 162 112 351 0.28 -1.0 -1.0 -1.0 -1.0 -1.0 -1.0 -1.0
2 1128 143 1182 280 0.27 -1.0 -1.0 -1.0 -1.0 -1.0 -1.0 -1.0
