0 1087 132 1164 309 0.56 -1.0 -1.0 -1.0 -1.0 -1.0 -1.0 -1.0
0 711 151 770 310 0.53 -1.0 -1.0 -1.0 -1.0 -1.0 -1.0 -1.0
0 804 167 866 310 0.35 -1.0 -1.0 -1.0 -1.0 -1.0 -1.0 -1.0
0 1046 146 1088 255 0.31 -1.0 -1.0 -1.0 -1.0 -1.0 -1.0 -1.0
0 259 171 312 288 0.24 -1.0 -1.0 -1.0 -1.0 -1.0 -1.0 -1.0
1 10 193 35 265 0.21 -1.0 -1.0 -1.0 -1.0 -1.0 -1.0 -1.0
2 343 140 423 281 0.54 -1.0 -1.0 -1.0 -1.0 -1.0 -1.0 -1.0
2 259 171 312 288 0.5 -1.0 -1.0 -1.0 -1.0 -1.0 -1.0 -1.0
2 804 167 866 310 0.25 -1.0 -1.0 -1.0 -1.0 -1.0 -1.0 -1.0
2 1083 139 1168 316 0.23 -1.0 -1.0 -1.0 -1.0 -1.0 -1.0 -1.0
