0 844 158 904 306 0.42 -1.0 -1.0 -1.0 -1.0 -1.0 -1.0 -1.0
0 747 156 808 308 0.37 -1.0 -1.0 -1.0 -1.0 -1.0 -1.0 -1.0
0 318 171 347 249 0.35 -1.0 -1.0 -1.0 -1.0 -1.0 -1.0 -1.0
1 383 164 539 271 0.79 -1.0 -1.0 -1.0 -1.0 -1.0 -1.0 -1.0
1 208 188 265 234 0.37 -1.0 -1.0 -1.0 -1.0 -1.0 -1.0 -1.0
1 6 200 38 294 0.22 -1.0 -1.0 -1.0 -1.0 -1.0 -1.0 -1.0
2 744 162 814 316 0.28 -1.0 -1.0 -1.0 -1.0 -1.0 -1.0 -1.0
2 570 146 619 254 0.27 -1.0 -1.0 -1.0 -1.0 -1.0 -1.0 -1.0
2 658 153 727 267 0.24 -1.0 -1.0 -1.0 -1.0 -1.0 -1.0 -1.0
2 842 163 909 313 0.24 -1.0 -1.0 -1.0 -1.0 -1.0 -1.0 -1.0
