0 1098 127 1175 333 0.53 -1.0 -1.0 -1.0 -1.0 -1.0 -1.0 -1.0
0 262 162 326 303 0.36 -1.0 -1.0 -1.0 -1.0 -1.0 -1.0 -1.0
0 695 135 763 289 0.33 -1.0 -1.0 -1.0 -1.0 -1.0 -1.0 -1.0
0 207 169 248 273 0.31 -1.0 -1.0 -1.0 -1.0 -1.0 -1.0 -1.0
0 1147 117 1219 321 0.31 -1.0 -1.0 -1.0 -1.0 -1.0 -1.0 -1.0
1 385 157 473 226 0.28 -1.0 -1.0 -1.0 -1.0 -1.0 -1.0 -1.0
2 256 164 333 313 0.39 -1.0 -1.0 -1.0 -1.0 -1.0 -1.0 -1.0
2 692 138 766 300 0.33 -1.0 -1.0 -1.0 -1.0 -1.0 -1.0 -1.0
2 739 149 819 291 0.24 -1.0 -1.0 -1.0 -1.0 -1.0 -1.0 -1.0
2 214 166 257 277 0.21 -1.0 -1.0 -1.0 -1.0 -1.0 -1.0 -1.0
