0 225 159 306 318 0.37 -1.0 -1.0 -1.0 -1.0 -1.0 -1.0 -1.0
0 1153 124 1216 295 0.34 -1.0 -1.0 -1.0 -1.0 -1.0 -1.0 -1.0
0 1050 132 1142 332 0.27 -1.0 -1.0 -1.0 -1.0 -1.0 -1.0 -1.0
0 192 167 261 314 0.26 -1.0 -1.0 -1.0 -1.0 -1.0 -1.0 -1.0
0 675 148 728 274 0.23 -1.0 -1.0 -1.0 -1.0 -1.0 -1.0 -1.0
1 377 160 463 223 0.36 -1.0 -1.0 -1.0 -1.0 -1.0 -1.0 -1.0
2 1044 139 1150 340 0.47 -1.0 -1.0 -1.0 -1.0 -1.0 -1.0 -1.0
2 678 141 741 284 0.34 -1.0 -1.0 -1.0 -1.0 -1.0 -1.0 -1.0
2 214 157 300 322 0.33 -1.0 -1.0 -1.0 -1.0 -1.0 -1.0 -1.0
2 946 167 995 273 0.33 -1.0 -1.0 -1.0 -1.0 -1.0 -1.0 -1.0
