0 928 157 996 321 0.45 -1.0 -1.0 -1.0 -1.0 -1.0 -1.0 -1.0
0 812 153 880 325 0.43 -1.0 -1.0 -1.0 -1.0 -1.0 -1.0 -1.0
0 21 190 101 381 0.4 -1.0 -1.0 -1.0 -1.0 -1.0 -1.0 -1.0
0 298 171 331 250 0.28 -1.0 -1.0 -1.0 -1.0 -1.0 -1.0 -1.0
1 428 163 549 258 0.79 -1.0 -1.0 -1.0 -1.0 -1.0 -1.0 -1.0
1 211 189 262 235 0.31 -1.0 -1.0 -1.0 -1.0 -1.0 -1.0 -1.0
1 390 158 470 223 0.29 -1.0 -1.0 -1.0 -1.0 -1.0 -1.0 -1.0
2 658 165 707 255 0.32 -1.0 -1.0 -1.0 -1.0 -1.0 -1.0 -1.0
2 602 147 665 256 0.29 -1.0 -1.0 -1.0 -1.0 -1.0 -1.0 -1.0
2 715 156 763 247 0.27 -1.0 -1.0 -1.0 -1.0 -1.0 -1.0 -1.0
2 812 153 880 325 0.23 -1.0 -1.0 -1.0 -1.0 -1.0 -1.0 -1.0
