0 85 170 172 364 0.54 -1.0 -1.0 -1.0 -1.0 -1.0 -1.0 -1.0
0 996 152 1059 311 0.5 -1.0 -1.0 -1.0 -1.0 -1.0 -1.0 -1.0
0 279 180 308 257 0.28 -1.0 -1.0 -1.0 -1.0 -1.0 -1.0 -1.0
0 849 149 922 313 0.23 -1.0 -1.0 -1.0 -1.0 -1.0 -1.0 -1.0
1 452 169 545 248 0.6 -1.0 -1.0 -1.0 -1.0 -1.0 -1.0 -1.0
1 387 159 473 224 0.31 -1.0 -1.0 -1.0 -1.0 -1.0 -1.0 -1.0
1 208 188 265 235 0.23 -1.0 -1.0 -1.0 -1.0 -1.0 -1.0 -1.0
2 851 148 935 332 0.52 -1.0 -1.0 -1.0 -1.0 -1.0 -1.0 -1.0
2 647 153 721 268 0.33 -1.0 -1.0 -1.0 -1.0 -1.0 -1.0 -1.0
2 584 151 665 268 0.33 -1.0 -1.0 -1.0 -1.0 -1.0 -1.0 -1.0
2 755 162 801 261 0.32 -1.0 -1.0 -1.0 -1.0 -1.0 -1.0 -1.0
