0 951 142 1028 338 0.65 -1.0 -1.0 -1.0 -1.0 -1.0 -1.0 -1.0
0 1160 133 1225 346 0.5 -1.0 -1.0 -1.0 -1.0 -1.0 -1.0 -1.0
0 164 163 248 335 0.48 -1.0 -1.0 -1.0 -1.0 -1.0 -1.0 -1.0
0 843 144 884 261 0.42 -1.0 -1.0 -1.0 -1.0 -1.0 -1.0 -1.0
0 237 166 279 276 0.36 -1.0 -1.0 -1.0 -1.0 -1.0 -1.0 -1.0
1 384 160 473 226 0.45 -1.0 -1.0 -1.0 -1.0 -1.0 -1.0 -1.0
1 111 194 187 270 0.23 -1.0 -1.0 -1.0 -1.0 -1.0 -1.0 -1.0
1 10 198 34 279 0.22 -1.0 -1.0 -1.0 -1.0 -1.0 -1.0 -1.0
1 435 165 503 213 0.21 -1.0 -1.0 -1.0 -1.0 -1.0 -1.0 -1.0
2 669 149 736 272 0.4 -1.0 -1.0 -1.0 -1.0 -1.0 -1.0 -1.0
2 631 157 692 283 0.35 -1.0 -1.0 -1.0 -1.0 -1.0 -1.0 -1.0
2 155 162 242 337 0.27 -1.0 -1.0 -1.0 -1.0 -1.0 -1.0 -1.0
