0 1087 129 1163 313 0.59 -1.0 -1.0 -1.0 -1.0 -1.0 -1.0 -1.0
0 709 150 771 311 0.52 -1.0 -1.0 -1.0 -1.0 -1.0 -1.0 -1.0
0 262 164 304 281 0.41 -1.0 -1.0 -1.0 -1.0 -1.0 -1.0 -1.0
0 808 169 861 289 0.36 -1.0 -1.0 -1.0 -1.0 -1.0 -1.0 -1.0
0 1044 143 1091 275 0.32 -1.0 -1.0 -1.0 -1.0 -1.0 -1.0 -1.0
1 395 155 484 226 0.23 -1.0 -1.0 -1.0 -1.0 -1.0 -1.0 -1.0
1 4 187 23 273 0.21 -1.0 -1.0 -1.0 -1.0 -1.0 -1.0 -1.0
2 344 151 422 288 0.46 -1.0 -1.0 -1.0 -1.0 -1.0 -1.0 -1.0
2 1085 136 1166 320 0.22 -1.0 -1.0 -1.0 -1.0 -1.0 -1.0 -1.0
2 262 164 304 281 0.21 -1.0 -1.0 -1.0 -1.0 -1.0 -1.0 -1.0
