0 224 170 265 275 0.39 -1.0 -1.0 -1.0 -1.0 -1.0 -1.0 -1.0
0 1065 143 1110 279 0.35 -1.0 -1.0 -1.0 -1.0 -1.0 -1.0 -1.0
0 1095 117 1197 327 0.3 -1.0 -1.0 -1.0 -1.0 -1.0 -1.0 -1.0
0 792 168 842 290 0.29 -1.0 -1.0 -1.0 -1.0 -1.0 -1.0 -1.0
0 713 165 764 279 0.29 -1.0 -1.0 -1.0 -1.0 -1.0 -1.0 -1.0
1 388 157 474 224 0.33 -1.0 -1.0 -1.0 -1.0 -1.0 -1.0 -1.0
1 6 201 38 257 0.31 -1.0 -1.0 -1.0 -1.0 -1.0 -1.0 -1.0
2 1093 131 1216 346 0.6 -1.0 -1.0 -1.0 -1.0 -1.0 -1.0 -1.0
2 291 153 376 309 0.58 -1.0 -1.0 -1.0 -1.0 -1.0 -1.0 -1.0
2 713 167 766 291 0.25 -1.0 -1.0 -1.0 -1.0 -1.0 -1.0 -1.0
