0 841 152 907 329 0.58 -1.0 -1.0 -1.0 -1.0 -1.0 -1.0 -1.0
0 968 153 1028 311 0.55 -1.0 -1.0 -1.0 -1.0 -1.0 -1.0 -1.0
0 48 179 130 356 0.34 -1.0 -1.0 -1.0 -1.0 -1.0 -1.0 -1.0
0 288 180 318 258 0.25 -1.0 -1.0 -1.0 -1.0 -1.0 -1.0 -1.0
1 447 167 551 254 0.62 -1.0 -1.0 -1.0 -1.0 -1.0 -1.0 -1.0
1 387 160 473 223 0.37 -1.0 -1.0 -1.0 -1.0 -1.0 -1.0 -1.0
2 660 164 710 256 0.31 -1.0 -1.0 -1.0 -1.0 -1.0 -1.0 -1.0
2 584 158 645 263 0.29 -1.0 -1.0 -1.0 -1.0 -1.0 -1.0 -1.0
2 838 158 912 338 0.24 -1.0 -1.0 -1.0 -1.0 -1.0 -1.0 -1.0
2 738 170 778 250 0.22 -1.0 -1.0 -1.0 -1.0 -1.0 -1.0 -1.0
