0 958 142 1025 321 0.53 -1.0 -1.0 -1.0 -1.0 -1.0 -1.0 -1.0
0 161 159 255 341 0.36 -1.0 -1.0 -1.0 -1.0 -1.0 -1.0 -1.0
0 853 142 893 262 0.33 -1.0 -1.0 -1.0 -1.0 -1.0 -1.0 -1.0
0 234 172 277 289 0.28 -1.0 -1.0 -1.0 -1.0 -1.0 -1.0 -1.0
1 376 160 467 225 0.49 -1.0 -1.0 -1.0 -1.0 -1.0 -1.0 -1.0
1 9 213 34 282 0.24 -1.0 -1.0 -1.0 -1.0 -1.0 -1.0 -1.0
2 139 161 257 356 0.32 -1.0 -1.0 -1.0 -1.0 -1.0 -1.0 -1.0
2 673 159 734 263 0.31 -1.0 -1.0 -1.0 -1.0 -1.0 -1.0 -1.0
2 636 160 689 264 0.29 -1.0 -1.0 -1.0 -1.0 -1.0 -1.0 -1.0
2 959 143 1040 334 0.22 -1.0 -1.0 -1.0 -1.0 -1.0 -1.0 -1.0
