0 981 156 1039 307 0.55 -1.0 -1.0 -1.0 -1.0 -1.0 -1.0 -1.0
0 80 173 158 363 0.55 -1.0 -1.0 -1.0 -1.0 -1.0 -1.0 -1.0
0 280 179 311 258 0.27 -1.0 -1.0 -1.0 -1.0 -1.0 -1.0 -1.0
1 450 170 548 249 0.67 -1.0 -1.0 -1.0 -1.0 -1.0 -1.0 -1.0
1 379 158 464 225 0.42 -1.0 -1.0 -1.0 -1.0 -1.0 -1.0 -1.0
1 213 191 259 231 0.25 -1.0 -1.0 -1.0 -1.0 -1.0 -1.0 -1.0
2 835 145 933 337 0.63 -1.0 -1.0 -1.0 -1.0 -1.0 -1.0 -1.0
2 648 150 718 270 0.45 -1.0 -1.0 -1.0 -1.0 -1.0 -1.0 -1.0
2 595 160 653 260 0.38 -1.0 -1.0 -1.0 -1.0 -1.0 -1.0 -1.0
2 743 161 794 260 0.32 -1.0 -1.0 -1.0 -1.0 -1.0 -1.0 -1.0
