0 946 160 1013 318 0.44 -1.0 -1.0 -1.0 -1.0 -1.0 -1.0 -1.0
0 825 151 901 331 0.42 -1.0 -1.0 -1.0 -1.0 -1.0 -1.0 -1.0
0 42 184 117 368 0.36 -1.0 -1.0 -1.0 -1.0 -1.0 -1.0 -1.0
0 287 169 325 254 0.33 -1.0 -1.0 -1.0 -1.0 -1.0 -1.0 -1.0
1 436 167 542 254 0.7 -1.0 -1.0 -1.0 -1.0 -1.0 -1.0 -1.0
1 387 158 472 223 0.31 -1.0 -1.0 -1.0 -1.0 -1.0 -1.0 -1.0
1 214 190 260 232 0.25 -1.0 -1.0 -1.0 -1.0 -1.0 -1.0 -1.0
2 821 156 907 341 0.38 -1.0 -1.0 -1.0 -1.0 -1.0 -1.0 -1.0
2 658 163 708 256 0.35 -1.0 -1.0 -1.0 -1.0 -1.0 -1.0 -1.0
2 576 146 633 258 0.32 -1.0 -1.0 -1.0 -1.0 -1.0 -1.0 -1.0
2 602 148 666 258 0.26 -1.0 -1.0 -1.0 -1.0 -1.0 -1.0 -1.0
2 946 160 1013 318 0.22 -1.0 -1.0 -1.0 -1.0 -1.0 -1.0 -1.0
