0 251 163 298 283 0.39 -1.0 -1.0 -1.0 -1.0 -1.0 -1.0 -1.0
1 396 158 483 225 0.32 -1.0 -1.0 -1.0 -1.0 -1.0 -1.0 -1.0
1 3 187 24 274 0.22 -1.0 -1.0 -1.0 -1.0 -1.0 -1.0 -1.0
2 337 152 411 288 0.58 -1.0 -1.0 -1.0 -1.0 -1.0 -1.0 -1.0
2 1071 134 1180 327 0.56 -1.0 -1.0 -1.0 -1.0 -1.0 -1.0 -1.0
2 711 159 787 320 0.53 -1.0 -1.0 -1.0 -1.0 -1.0 -1.0 -1.0
2 799 173 874 304 0.41 -1.0 -1.0 -1.0 -1.0 -1.0 -1.0 -1.0
2 242 169 293 288 0.3 -1.0 -1.0 -1.0 -1.0 -1.0 -1.0 -1.0
2 602 140 667 258 0.29 -1.0 -1.0 -1.0 -1.0 -1.0 -1.0 -1.0
2 767 173 829 287 0.21 -1.0 -1.0 -1.0 -1.0 -1.0 -1.0 -1.0
