1 37 187 246 287 0.77 -1.0 -1.0 -1.0 -1.0 -1.0 -1.0 -1.0
1 312 170 413 259 0.62 -1.0 -1.0 -1.0 -1.0 -1.0 -1.0 -1.0
1 572 173 621 214 0.59 -1.0 -1.0 -1.0 -1.0 -1.0 -1.0 -1.0
1 226 182 287 223 0.52 -1.0 -1.0 -1.0 -1.0 -1.0 -1.0 -1.0
1 438 179 485 221 0.47 -1.0 -1.0 -1.0 -1.0 -1.0 -1.0 -1.0
1 384 195 436 246 0.34 -1.0 -1.0 -1.0 -1.0 -1.0 -1.0 -1.0
1 284 179 345 242 0.27 -1.0 -1.0 -1.0 -1.0 -1.0 -1.0 -1.0
1 2 180 25 301 0.26 -1.0 -1.0 -1.0 -1.0 -1.0 -1.0 -1.0
1 494 162 544 205 0.25 -1.0 -1.0 -1.0 -1.0 -1.0 -1.0 -1.0
1 527 167 567 197 0.24 -1.0 -1.0 -1.0 -1.0 -1.0 -1.0 -1.0
