1 594 178 676 250 0.66 -1.0 -1.0 -1.0 -1.0 -1.0 -1.0 -1.0
1 131 181 270 248 0.64 -1.0 -1.0 -1.0 -1.0 -1.0 -1.0 -1.0
1 749 171 928 246 0.62 -1.0 -1.0 -1.0 -1.0 -1.0 -1.0 -1.0
1 13 187 149 271 0.51 -1.0 -1.0 -1.0 -1.0 -1.0 -1.0 -1.0
1 272 184 361 227 0.44 -1.0 -1.0 -1.0 -1.0 -1.0 -1.0 -1.0
1 695 165 750 201 0.42 -1.0 -1.0 -1.0 -1.0 -1.0 -1.0 -1.0
1 407 174 457 210 0.41 -1.0 -1.0 -1.0 -1.0 -1.0 -1.0 -1.0
1 926 139 1178 339 0.41 -1.0 -1.0 -1.0 -1.0 -1.0 -1.0 -1.0
1 82 182 159 221 0.26 -1.0 -1.0 -1.0 -1.0 -1.0 -1.0 -1.0
1 343 181 384 205 0.25 -1.0 -1.0 -1.0 -1.0 -1.0 -1.0 -1.0
