1 902 176 1182 340 0.81 -1.0 -1.0 -1.0 -1.0 -1.0 -1.0 -1.0
1 113 192 320 292 0.79 -1.0 -1.0 -1.0 -1.0 -1.0 -1.0 -1.0
1 721 173 801 214 0.44 -1.0 -1.0 -1.0 -1.0 -1.0 -1.0 -1.0
1 799 177 975 261 0.39 -1.0 -1.0 -1.0 -1.0 -1.0 -1.0 -1.0
1 845 172 1004 251 0.38 -1.0 -1.0 -1.0 -1.0 -1.0 -1.0 -1.0
1 460 176 501 206 0.35 -1.0 -1.0 -1.0 -1.0 -1.0 -1.0 -1.0
1 597 178 634 207 0.29 -1.0 -1.0 -1.0 -1.0 -1.0 -1.0 -1.0
1 1185 154 1231 384 0.27 -1.0 -1.0 -1.0 -1.0 -1.0 -1.0 -1.0
1 673 172 753 211 0.23 -1.0 -1.0 -1.0 -1.0 -1.0 -1.0 -1.0
1 424 166 459 202 0.23 -1.0 -1.0 -1.0 -1.0 -1.0 -1.0 -1.0
