1 1090 166 1229 372 0.7 -1.0 -1.0 -1.0 -1.0 -1.0 -1.0 -1.0
1 702 178 764 222 0.61 -1.0 -1.0 -1.0 -1.0 -1.0 -1.0 -1.0
1 591 181 659 238 0.54 -1.0 -1.0 -1.0 -1.0 -1.0 -1.0 -1.0
1 79 179 279 245 0.49 -1.0 -1.0 -1.0 -1.0 -1.0 -1.0 -1.0
1 784 143 970 263 0.36 -1.0 -1.0 -1.0 -1.0 -1.0 -1.0 -1.0
1 762 178 875 240 0.33 -1.0 -1.0 -1.0 -1.0 -1.0 -1.0 -1.0
1 733 175 828 227 0.24 -1.0 -1.0 -1.0 -1.0 -1.0 -1.0 -1.0
1 1139 154 1218 210 0.22 -1.0 -1.0 -1.0 -1.0 -1.0 -1.0 -1.0
1 655 176 711 203 0.22 -1.0 -1.0 -1.0 -1.0 -1.0 -1.0 -1.0
1 184 186 349 253 0.21 -1.0 -1.0 -1.0 -1.0 -1.0 -1.0 -1.0
