1 882 182 1142 334 0.73 -1.0 -1.0 -1.0 -1.0 -1.0 -1.0 -1.0
1 594 175 654 225 0.63 -1.0 -1.0 -1.0 -1.0 -1.0 -1.0 -1.0
1 244 179 328 227 0.59 -1.0 -1.0 -1.0 -1.0 -1.0 -1.0 -1.0
1 388 175 436 208 0.47 -1.0 -1.0 -1.0 -1.0 -1.0 -1.0 -1.0
1 808 167 927 255 0.46 -1.0 -1.0 -1.0 -1.0 -1.0 -1.0 -1.0
1 1118 181 1219 393 0.39 -1.0 -1.0 -1.0 -1.0 -1.0 -1.0 -1.0
1 336 182 389 214 0.35 -1.0 -1.0 -1.0 -1.0 -1.0 -1.0 -1.0
1 438 171 501 207 0.34 -1.0 -1.0 -1.0 -1.0 -1.0 -1.0 -1.0
1 841 161 972 243 0.32 -1.0 -1.0 -1.0 -1.0 -1.0 -1.0 -1.0
1 5 172 39 210 0.25 -1.0 -1.0 -1.0 -1.0 -1.0 -1.0 -1.0
