0 319 173 346 247 0.27 -1.0 -1.0 -1.0 -1.0 -1.0 -1.0 -1.0
1 575 177 756 344 0.84 -1.0 -1.0 -1.0 -1.0 -1.0 -1.0 -1.0
1 65 195 236 268 0.77 -1.0 -1.0 -1.0 -1.0 -1.0 -1.0 -1.0
1 1126 154 1228 402 0.5 -1.0 -1.0 -1.0 -1.0 -1.0 -1.0 -1.0
1 251 183 322 220 0.43 -1.0 -1.0 -1.0 -1.0 -1.0 -1.0 -1.0
1 747 178 834 222 0.4 -1.0 -1.0 -1.0 -1.0 -1.0 -1.0 -1.0
1 358 184 409 216 0.36 -1.0 -1.0 -1.0 -1.0 -1.0 -1.0 -1.0
1 387 177 437 211 0.36 -1.0 -1.0 -1.0 -1.0 -1.0 -1.0 -1.0
1 54 180 128 222 0.24 -1.0 -1.0 -1.0 -1.0 -1.0 -1.0 -1.0
1 304 171 346 233 0.22 -1.0 -1.0 -1.0 -1.0 -1.0 -1.0 -1.0
1 452 165 487 198 0.21 -1.0 -1.0 -1.0 -1.0 -1.0 -1.0 -1.0
