1 31 197 212 284 0.84 -1.0 -1.0 -1.0 -1.0 -1.0 -1.0 -1.0
1 280 199 370 258 0.64 -1.0 -1.0 -1.0 -1.0 -1.0 -1.0 -1.0
1 605 181 702 282 0.62 -1.0 -1.0 -1.0 -1.0 -1.0 -1.0 -1.0
1 715 178 808 226 0.42 -1.0 -1.0 -1.0 -1.0 -1.0 -1.0 -1.0
1 385 185 439 217 0.35 -1.0 -1.0 -1.0 -1.0 -1.0 -1.0 -1.0
1 731 179 851 228 0.32 -1.0 -1.0 -1.0 -1.0 -1.0 -1.0 -1.0
1 345 194 400 226 0.3 -1.0 -1.0 -1.0 -1.0 -1.0 -1.0 -1.0
1 238 197 335 245 0.26 -1.0 -1.0 -1.0 -1.0 -1.0 -1.0 -1.0
1 208 189 307 235 0.26 -1.0 -1.0 -1.0 -1.0 -1.0 -1.0 -1.0
1 690 174 757 212 0.21 -1.0 -1.0 -1.0 -1.0 -1.0 -1.0 -1.0
