1 607 189 679 250 0.66 -1.0 -1.0 -1.0 -1.0 -1.0 -1.0 -1.0
1 442 186 495 221 0.49 -1.0 -1.0 -1.0 -1.0 -1.0 -1.0 -1.0
1 9 206 152 293 0.45 -1.0 -1.0 -1.0 -1.0 -1.0 -1.0 -1.0
1 315 191 395 229 0.45 -1.0 -1.0 -1.0 -1.0 -1.0 -1.0 -1.0
1 695 180 768 219 0.43 -1.0 -1.0 -1.0 -1.0 -1.0 -1.0 -1.0
1 740 181 878 237 0.42 -1.0 -1.0 -1.0 -1.0 -1.0 -1.0 -1.0
1 173 192 242 249 0.42 -1.0 -1.0 -1.0 -1.0 -1.0 -1.0 -1.0
1 353 190 432 228 0.39 -1.0 -1.0 -1.0 -1.0 -1.0 -1.0 -1.0
1 188 191 267 234 0.36 -1.0 -1.0 -1.0 -1.0 -1.0 -1.0 -1.0
1 393 182 471 221 0.23 -1.0 -1.0 -1.0 -1.0 -1.0 -1.0 -1.0
