1 956 168 1223 368 0.85 -1.0 -1.0 -1.0 -1.0 -1.0 -1.0 -1.0
1 100 198 355 297 0.66 -1.0 -1.0 -1.0 -1.0 -1.0 -1.0 -1.0
1 597 186 657 237 0.65 -1.0 -1.0 -1.0 -1.0 -1.0 -1.0 -1.0
1 431 183 489 221 0.46 -1.0 -1.0 -1.0 -1.0 -1.0 -1.0 -1.0
1 7 191 99 249 0.45 -1.0 -1.0 -1.0 -1.0 -1.0 -1.0 -1.0
1 371 184 432 221 0.41 -1.0 -1.0 -1.0 -1.0 -1.0 -1.0 -1.0
1 684 184 743 219 0.39 -1.0 -1.0 -1.0 -1.0 -1.0 -1.0 -1.0
1 753 189 866 236 0.35 -1.0 -1.0 -1.0 -1.0 -1.0 -1.0 -1.0
1 710 187 812 233 0.27 -1.0 -1.0 -1.0 -1.0 -1.0 -1.0 -1.0
1 696 180 790 224 0.24 -1.0 -1.0 -1.0 -1.0 -1.0 -1.0 -1.0
