1 572 176 759 343 0.84 -1.0 -1.0 -1.0 -1.0 -1.0 -1.0 -1.0
1 53 195 231 271 0.75 -1.0 -1.0 -1.0 -1.0 -1.0 -1.0 -1.0
1 350 181 415 220 0.45 -1.0 -1.0 -1.0 -1.0 -1.0 -1.0 -1.0
1 740 177 843 223 0.39 -1.0 -1.0 -1.0 -1.0 -1.0 -1.0 -1.0
1 393 177 450 210 0.34 -1.0 -1.0 -1.0 -1.0 -1.0 -1.0 -1.0
1 241 185 314 220 0.3 -1.0 -1.0 -1.0 -1.0 -1.0 -1.0 -1.0
1 1163 135 1230 422 0.29 -1.0 -1.0 -1.0 -1.0 -1.0 -1.0 -1.0
1 39 186 123 233 0.25 -1.0 -1.0 -1.0 -1.0 -1.0 -1.0 -1.0
1 449 154 492 192 0.25 -1.0 -1.0 -1.0 -1.0 -1.0 -1.0 -1.0
1 511 168 548 195 0.22 -1.0 -1.0 -1.0 -1.0 -1.0 -1.0 -1.0
1 702 165 784 218 0.22 -1.0 -1.0 -1.0 -1.0 -1.0 -1.0 -1.0
