1 33 196 307 325 0.84 -1.0 -1.0 -1.0 -1.0 -1.0 -1.0 -1.0
1 1004 170 1215 367 0.84 -1.0 -1.0 -1.0 -1.0 -1.0 -1.0 -1.0
1 596 187 654 235 0.64 -1.0 -1.0 -1.0 -1.0 -1.0 -1.0 -1.0
1 417 183 486 226 0.46 -1.0 -1.0 -1.0 -1.0 -1.0 -1.0 -1.0
1 754 192 885 245 0.46 -1.0 -1.0 -1.0 -1.0 -1.0 -1.0 -1.0
1 351 183 436 222 0.44 -1.0 -1.0 -1.0 -1.0 -1.0 -1.0 -1.0
1 239 189 295 230 0.4 -1.0 -1.0 -1.0 -1.0 -1.0 -1.0 -1.0
1 12 187 73 234 0.34 -1.0 -1.0 -1.0 -1.0 -1.0 -1.0 -1.0
1 695 186 750 219 0.24 -1.0 -1.0 -1.0 -1.0 -1.0 -1.0 -1.0
1 710 187 812 232 0.23 -1.0 -1.0 -1.0 -1.0 -1.0 -1.0 -1.0
1 533 176 561 202 0.21 -1.0 -1.0 -1.0 -1.0 -1.0 -1.0 -1.0
