1 918 162 1205 355 0.89 -1.0 -1.0 -1.0 -1.0 -1.0 -1.0 -1.0
1 93 189 324 275 0.55 -1.0 -1.0 -1.0 -1.0 -1.0 -1.0 -1.0
1 598 184 657 235 0.49 -1.0 -1.0 -1.0 -1.0 -1.0 -1.0 -1.0
1 11 193 94 248 0.47 -1.0 -1.0 -1.0 -1.0 -1.0 -1.0 -1.0
1 439 180 502 220 0.47 -1.0 -1.0 -1.0 -1.0 -1.0 -1.0 -1.0
1 367 181 438 220 0.45 -1.0 -1.0 -1.0 -1.0 -1.0 -1.0 -1.0
1 685 180 761 224 0.42 -1.0 -1.0 -1.0 -1.0 -1.0 -1.0 -1.0
1 742 185 861 236 0.41 -1.0 -1.0 -1.0 -1.0 -1.0 -1.0 -1.0
1 205 190 364 272 0.4 -1.0 -1.0 -1.0 -1.0 -1.0 -1.0 -1.0
1 699 184 805 232 0.36 -1.0 -1.0 -1.0 -1.0 -1.0 -1.0 -1.0
