1 812 168 1022 277 0.8 -1.0 -1.0 -1.0 -1.0 -1.0 -1.0 -1.0
1 218 192 332 244 0.61 -1.0 -1.0 -1.0 -1.0 -1.0 -1.0 -1.0
1 602 186 663 234 0.57 -1.0 -1.0 -1.0 -1.0 -1.0 -1.0 -1.0
1 11 212 113 345 0.56 -1.0 -1.0 -1.0 -1.0 -1.0 -1.0 -1.0
1 735 179 827 227 0.5 -1.0 -1.0 -1.0 -1.0 -1.0 -1.0 -1.0
1 400 180 464 227 0.44 -1.0 -1.0 -1.0 -1.0 -1.0 -1.0 -1.0
1 306 192 365 227 0.4 -1.0 -1.0 -1.0 -1.0 -1.0 -1.0 -1.0
1 53 187 150 238 0.33 -1.0 -1.0 -1.0 -1.0 -1.0 -1.0 -1.0
1 700 181 784 224 0.3 -1.0 -1.0 -1.0 -1.0 -1.0 -1.0 -1.0
1 477 173 523 210 0.22 -1.0 -1.0 -1.0 -1.0 -1.0 -1.0 -1.0
