1 830 164 1099 316 0.77 -1.0 -1.0 -1.0 -1.0 -1.0 -1.0 -1.0
1 595 177 695 287 0.7 -1.0 -1.0 -1.0 -1.0 -1.0 -1.0 -1.0
1 15 182 171 281 0.69 -1.0 -1.0 -1.0 -1.0 -1.0 -1.0 -1.0
1 193 191 319 245 0.63 -1.0 -1.0 -1.0 -1.0 -1.0 -1.0 -1.0
1 282 184 349 218 0.47 -1.0 -1.0 -1.0 -1.0 -1.0 -1.0 -1.0
1 374 178 414 224 0.33 -1.0 -1.0 -1.0 -1.0 -1.0 -1.0 -1.0
1 700 172 765 208 0.32 -1.0 -1.0 -1.0 -1.0 -1.0 -1.0 -1.0
1 418 178 462 204 0.32 -1.0 -1.0 -1.0 -1.0 -1.0 -1.0 -1.0
1 717 170 806 213 0.24 -1.0 -1.0 -1.0 -1.0 -1.0 -1.0 -1.0
1 454 169 507 196 0.21 -1.0 -1.0 -1.0 -1.0 -1.0 -1.0 -1.0
