0 123 189 174 309 0.4 -1.0 -1.0 -1.0 -1.0 -1.0 -1.0 -1.0
1 607 189 679 249 0.68 -1.0 -1.0 -1.0 -1.0 -1.0 -1.0 -1.0
1 744 182 895 240 0.59 -1.0 -1.0 -1.0 -1.0 -1.0 -1.0 -1.0
1 303 191 387 233 0.54 -1.0 -1.0 -1.0 -1.0 -1.0 -1.0 -1.0
1 6 201 98 299 0.52 -1.0 -1.0 -1.0 -1.0 -1.0 -1.0 -1.0
1 689 182 758 221 0.5 -1.0 -1.0 -1.0 -1.0 -1.0 -1.0 -1.0
1 412 192 468 226 0.44 -1.0 -1.0 -1.0 -1.0 -1.0 -1.0 -1.0
1 191 194 264 231 0.42 -1.0 -1.0 -1.0 -1.0 -1.0 -1.0 -1.0
1 361 189 443 231 0.41 -1.0 -1.0 -1.0 -1.0 -1.0 -1.0 -1.0
1 512 177 543 206 0.27 -1.0 -1.0 -1.0 -1.0 -1.0 -1.0 -1.0
