1 581 178 762 343 0.81 -1.0 -1.0 -1.0 -1.0 -1.0 -1.0 -1.0
1 48 196 234 278 0.74 -1.0 -1.0 -1.0 -1.0 -1.0 -1.0 -1.0
1 349 182 416 218 0.42 -1.0 -1.0 -1.0 -1.0 -1.0 -1.0 -1.0
1 391 176 451 210 0.38 -1.0 -1.0 -1.0 -1.0 -1.0 -1.0 -1.0
1 507 167 549 198 0.36 -1.0 -1.0 -1.0 -1.0 -1.0 -1.0 -1.0
1 240 186 315 220 0.31 -1.0 -1.0 -1.0 -1.0 -1.0 -1.0 -1.0
1 703 164 782 217 0.3 -1.0 -1.0 -1.0 -1.0 -1.0 -1.0 -1.0
1 449 164 491 198 0.28 -1.0 -1.0 -1.0 -1.0 -1.0 -1.0 -1.0
1 739 177 843 222 0.27 -1.0 -1.0 -1.0 -1.0 -1.0 -1.0 -1.0
1 1163 119 1229 418 0.24 -1.0 -1.0 -1.0 -1.0 -1.0 -1.0 -1.0
1 37 181 110 222 0.22 -1.0 -1.0 -1.0 -1.0 -1.0 -1.0 -1.0
