1 580 179 763 343 0.79 -1.0 -1.0 -1.0 -1.0 -1.0 -1.0 -1.0
1 45 197 237 277 0.76 -1.0 -1.0 -1.0 -1.0 -1.0 -1.0 -1.0
1 351 181 414 219 0.46 -1.0 -1.0 -1.0 -1.0 -1.0 -1.0 -1.0
1 240 185 313 219 0.38 -1.0 -1.0 -1.0 -1.0 -1.0 -1.0 -1.0
1 739 176 844 224 0.37 -1.0 -1.0 -1.0 -1.0 -1.0 -1.0 -1.0
1 393 177 449 210 0.34 -1.0 -1.0 -1.0 -1.0 -1.0 -1.0 -1.0
1 1149 132 1226 424 0.3 -1.0 -1.0 -1.0 -1.0 -1.0 -1.0 -1.0
1 449 155 492 191 0.24 -1.0 -1.0 -1.0 -1.0 -1.0 -1.0 -1.0
1 522 168 554 193 0.22 -1.0 -1.0 -1.0 -1.0 -1.0 -1.0 -1.0
1 303 177 345 229 0.21 -1.0 -1.0 -1.0 -1.0 -1.0 -1.0 -1.0
1 38 187 124 232 0.21 -1.0 -1.0 -1.0 -1.0 -1.0 -1.0 -1.0
