0 309 176 339 245 0.22 -1.0 -1.0 -1.0 -1.0 -1.0 -1.0 -1.0
1 573 183 758 351 0.76 -1.0 -1.0 -1.0 -1.0 -1.0 -1.0 -1.0
1 42 198 240 279 0.75 -1.0 -1.0 -1.0 -1.0 -1.0 -1.0 -1.0
1 355 184 409 217 0.45 -1.0 -1.0 -1.0 -1.0 -1.0 -1.0 -1.0
1 391 176 453 213 0.36 -1.0 -1.0 -1.0 -1.0 -1.0 -1.0 -1.0
1 225 185 309 224 0.29 -1.0 -1.0 -1.0 -1.0 -1.0 -1.0 -1.0
1 248 185 325 222 0.27 -1.0 -1.0 -1.0 -1.0 -1.0 -1.0 -1.0
1 491 168 526 198 0.25 -1.0 -1.0 -1.0 -1.0 -1.0 -1.0 -1.0
1 446 166 495 200 0.24 -1.0 -1.0 -1.0 -1.0 -1.0 -1.0 -1.0
1 760 180 841 222 0.21 -1.0 -1.0 -1.0 -1.0 -1.0 -1.0 -1.0
