1 830 164 1083 298 0.81 -1.0 -1.0 -1.0 -1.0 -1.0 -1.0 -1.0
1 182 192 311 250 0.67 -1.0 -1.0 -1.0 -1.0 -1.0 -1.0 -1.0
1 355 188 447 240 0.58 -1.0 -1.0 -1.0 -1.0 -1.0 -1.0 -1.0
1 603 187 662 236 0.57 -1.0 -1.0 -1.0 -1.0 -1.0 -1.0 -1.0
1 740 181 822 227 0.57 -1.0 -1.0 -1.0 -1.0 -1.0 -1.0 -1.0
1 701 182 783 223 0.36 -1.0 -1.0 -1.0 -1.0 -1.0 -1.0 -1.0
1 287 190 360 227 0.36 -1.0 -1.0 -1.0 -1.0 -1.0 -1.0 -1.0
1 481 176 517 209 0.31 -1.0 -1.0 -1.0 -1.0 -1.0 -1.0 -1.0
1 34 186 150 238 0.29 -1.0 -1.0 -1.0 -1.0 -1.0 -1.0 -1.0
1 7 194 77 246 0.25 -1.0 -1.0 -1.0 -1.0 -1.0 -1.0 -1.0
