1 153 201 337 294 0.75 -1.0 -1.0 -1.0 -1.0 -1.0 -1.0 -1.0
1 779 174 959 263 0.7 -1.0 -1.0 -1.0 -1.0 -1.0 -1.0 -1.0
1 603 183 667 242 0.69 -1.0 -1.0 -1.0 -1.0 -1.0 -1.0 -1.0
1 67 191 211 245 0.51 -1.0 -1.0 -1.0 -1.0 -1.0 -1.0 -1.0
1 338 192 387 224 0.43 -1.0 -1.0 -1.0 -1.0 -1.0 -1.0 -1.0
1 714 180 810 223 0.38 -1.0 -1.0 -1.0 -1.0 -1.0 -1.0 -1.0
1 695 183 769 222 0.36 -1.0 -1.0 -1.0 -1.0 -1.0 -1.0 -1.0
1 448 183 510 219 0.32 -1.0 -1.0 -1.0 -1.0 -1.0 -1.0 -1.0
1 419 184 483 217 0.29 -1.0 -1.0 -1.0 -1.0 -1.0 -1.0 -1.0
1 262 196 348 241 0.26 -1.0 -1.0 -1.0 -1.0 -1.0 -1.0 -1.0
