1 776 175 963 267 0.71 -1.0 -1.0 -1.0 -1.0 -1.0 -1.0 -1.0
1 269 190 419 255 0.55 -1.0 -1.0 -1.0 -1.0 -1.0 -1.0 -1.0
1 1038 158 1219 399 0.49 -1.0 -1.0 -1.0 -1.0 -1.0 -1.0 -1.0
1 22 198 118 281 0.45 -1.0 -1.0 -1.0 -1.0 -1.0 -1.0 -1.0
1 328 189 419 235 0.42 -1.0 -1.0 -1.0 -1.0 -1.0 -1.0 -1.0
1 436 177 482 210 0.41 -1.0 -1.0 -1.0 -1.0 -1.0 -1.0 -1.0
1 601 183 674 236 0.41 -1.0 -1.0 -1.0 -1.0 -1.0 -1.0 -1.0
1 233 187 342 239 0.37 -1.0 -1.0 -1.0 -1.0 -1.0 -1.0 -1.0
1 534 165 582 204 0.34 -1.0 -1.0 -1.0 -1.0 -1.0 -1.0 -1.0
1 98 191 204 235 0.3 -1.0 -1.0 -1.0 -1.0 -1.0 -1.0 -1.0
