1 74 185 320 299 0.83 -1.0 -1.0 -1.0 -1.0 -1.0 -1.0 -1.0
1 833 180 1035 295 0.69 -1.0 -1.0 -1.0 -1.0 -1.0 -1.0 -1.0
1 438 181 501 223 0.64 -1.0 -1.0 -1.0 -1.0 -1.0 -1.0 -1.0
1 601 184 666 236 0.59 -1.0 -1.0 -1.0 -1.0 -1.0 -1.0 -1.0
1 730 183 871 233 0.41 -1.0 -1.0 -1.0 -1.0 -1.0 -1.0 -1.0
1 302 189 386 227 0.37 -1.0 -1.0 -1.0 -1.0 -1.0 -1.0 -1.0
1 714 187 828 231 0.35 -1.0 -1.0 -1.0 -1.0 -1.0 -1.0 -1.0
1 11 198 114 262 0.35 -1.0 -1.0 -1.0 -1.0 -1.0 -1.0 -1.0
1 24 189 219 272 0.32 -1.0 -1.0 -1.0 -1.0 -1.0 -1.0 -1.0
1 340 186 405 219 0.3 -1.0 -1.0 -1.0 -1.0 -1.0 -1.0 -1.0
1 239 187 312 233 0.28 -1.0 -1.0 -1.0 -1.0 -1.0 -1.0 -1.0
