0 333 152 394 311 0.59 -1.0 -1.0 -1.0 -1.0 -1.0 -1.0 -1.0
0 895 167 953 308 0.55 -1.0 -1.0 -1.0 -1.0 -1.0 -1.0 -1.0
0 750 173 808 323 0.5 -1.0 -1.0 -1.0 -1.0 -1.0 -1.0 -1.0
0 955 178 1007 295 0.38 -1.0 -1.0 -1.0 -1.0 -1.0 -1.0 -1.0
0 698 179 740 279 0.3 -1.0 -1.0 -1.0 -1.0 -1.0 -1.0 -1.0
0 644 166 681 258 0.22 -1.0 -1.0 -1.0 -1.0 -1.0 -1.0 -1.0
1 552 186 595 220 0.42 -1.0 -1.0 -1.0 -1.0 -1.0 -1.0 -1.0
1 952 179 1010 267 0.27 -1.0 -1.0 -1.0 -1.0 -1.0 -1.0 -1.0
2 247 183 305 296 0.49 -1.0 -1.0 -1.0 -1.0 -1.0 -1.0 -1.0
2 644 166 681 258 0.3 -1.0 -1.0 -1.0 -1.0 -1.0 -1.0 -1.0
