0 1001 141 1094 355 0.51 -1.0 -1.0 -1.0 -1.0 -1.0 -1.0 -1.0
0 473 153 519 270 0.41 -1.0 -1.0 -1.0 -1.0 -1.0 -1.0 -1.0
0 600 158 625 224 0.25 -1.0 -1.0 -1.0 -1.0 -1.0 -1.0 -1.0
1 558 159 591 202 0.24 -1.0 -1.0 -1.0 -1.0 -1.0 -1.0 -1.0
1 109 216 151 282 0.22 -1.0 -1.0 -1.0 -1.0 -1.0 -1.0 -1.0
2 337 173 421 304 0.37 -1.0 -1.0 -1.0 -1.0 -1.0 -1.0 -1.0
2 687 162 734 256 0.3 -1.0 -1.0 -1.0 -1.0 -1.0 -1.0 -1.0
2 465 165 510 272 0.26 -1.0 -1.0 -1.0 -1.0 -1.0 -1.0 -1.0
2 428 183 473 255 0.24 -1.0 -1.0 -1.0 -1.0 -1.0 -1.0 -1.0
2 176 224 216 312 0.21 -1.0 -1.0 -1.0 -1.0 -1.0 -1.0 -1.0
2 637 159 668 239 0.21 -1.0 -1.0 -1.0 -1.0 -1.0 -1.0 -1.0
