0 1103 121 1185 356 0.5 -1.0 -1.0 -1.0 -1.0 -1.0 -1.0 -1.0
0 443 163 494 279 0.4 -1.0 -1.0 -1.0 -1.0 -1.0 -1.0 -1.0
0 475 157 517 265 0.33 -1.0 -1.0 -1.0 -1.0 -1.0 -1.0 -1.0
0 646 149 678 234 0.31 -1.0 -1.0 -1.0 -1.0 -1.0 -1.0 -1.0
0 601 162 625 236 0.27 -1.0 -1.0 -1.0 -1.0 -1.0 -1.0 -1.0
0 38 227 84 329 0.23 -1.0 -1.0 -1.0 -1.0 -1.0 -1.0 -1.0
0 1175 146 1230 370 0.21 -1.0 -1.0 -1.0 -1.0 -1.0 -1.0 -1.0
1 585 151 624 212 0.24 -1.0 -1.0 -1.0 -1.0 -1.0 -1.0 -1.0
1 554 160 597 201 0.23 -1.0 -1.0 -1.0 -1.0 -1.0 -1.0 -1.0
2 700 157 743 243 0.28 -1.0 -1.0 -1.0 -1.0 -1.0 -1.0 -1.0
2 647 156 678 243 0.22 -1.0 -1.0 -1.0 -1.0 -1.0 -1.0 -1.0
2 315 188 387 309 0.22 -1.0 -1.0 -1.0 -1.0 -1.0 -1.0 -1.0
2 726 166 792 273 0.21 -1.0 -1.0 -1.0 -1.0 -1.0 -1.0 -1.0
