0 1044 143 1147 355 0.33 -1.0 -1.0 -1.0 -1.0 -1.0 -1.0 -1.0
0 487 159 524 263 0.32 -1.0 -1.0 -1.0 -1.0 -1.0 -1.0 -1.0
0 454 162 501 265 0.24 -1.0 -1.0 -1.0 -1.0 -1.0 -1.0 -1.0
0 592 156 617 226 0.23 -1.0 -1.0 -1.0 -1.0 -1.0 -1.0 -1.0
2 447 172 491 267 0.28 -1.0 -1.0 -1.0 -1.0 -1.0 -1.0 -1.0
2 682 162 741 256 0.26 -1.0 -1.0 -1.0 -1.0 -1.0 -1.0 -1.0
2 644 156 680 242 0.25 -1.0 -1.0 -1.0 -1.0 -1.0 -1.0 -1.0
2 379 179 443 279 0.24 -1.0 -1.0 -1.0 -1.0 -1.0 -1.0 -1.0
2 333 170 410 310 0.23 -1.0 -1.0 -1.0 -1.0 -1.0 -1.0 -1.0
2 475 158 520 265 0.22 -1.0 -1.0 -1.0 -1.0 -1.0 -1.0 -1.0
2 718 168 783 272 0.21 -1.0 -1.0 -1.0 -1.0 -1.0 -1.0 -1.0
