0 1080 138 1151 338 0.48 -1.0 -1.0 -1.0 -1.0 -1.0 -1.0 -1.0
0 451 156 504 270 0.3 -1.0 -1.0 -1.0 -1.0 -1.0 -1.0 -1.0
0 51 224 93 331 0.27 -1.0 -1.0 -1.0 -1.0 -1.0 -1.0 -1.0
0 644 144 680 241 0.25 -1.0 -1.0 -1.0 -1.0 -1.0 -1.0 -1.0
1 589 149 620 215 0.21 -1.0 -1.0 -1.0 -1.0 -1.0 -1.0 -1.0
2 643 151 682 249 0.32 -1.0 -1.0 -1.0 -1.0 -1.0 -1.0 -1.0
2 443 167 496 273 0.3 -1.0 -1.0 -1.0 -1.0 -1.0 -1.0 -1.0
2 685 150 737 251 0.3 -1.0 -1.0 -1.0 -1.0 -1.0 -1.0 -1.0
2 312 181 392 316 0.22 -1.0 -1.0 -1.0 -1.0 -1.0 -1.0 -1.0
2 592 165 619 234 0.21 -1.0 -1.0 -1.0 -1.0 -1.0 -1.0 -1.0
