0 247 160 321 337 0.59 -1.0 -1.0 -1.0 -1.0 -1.0 -1.0 -1.0
0 150 164 205 317 0.44 -1.0 -1.0 -1.0 -1.0 -1.0 -1.0 -1.0
0 106 162 153 318 0.38 -1.0 -1.0 -1.0 -1.0 -1.0 -1.0 -1.0
0 204 165 269 331 0.31 -1.0 -1.0 -1.0 -1.0 -1.0 -1.0 -1.0
0 66 173 115 303 0.28 -1.0 -1.0 -1.0 -1.0 -1.0 -1.0 -1.0
0 7 203 56 370 0.27 -1.0 -1.0 -1.0 -1.0 -1.0 -1.0 -1.0
1 303 184 401 276 0.44 -1.0 -1.0 -1.0 -1.0 -1.0 -1.0 -1.0
1 355 188 408 233 0.25 -1.0 -1.0 -1.0 -1.0 -1.0 -1.0 -1.0
1 594 186 633 240 0.23 -1.0 -1.0 -1.0 -1.0 -1.0 -1.0 -1.0
2 452 166 488 251 0.32 -1.0 -1.0 -1.0 -1.0 -1.0 -1.0 -1.0
2 649 172 676 228 0.21 -1.0 -1.0 -1.0 -1.0 -1.0 -1.0 -1.0
