0 731 156 804 324 0.53 -1.0 -1.0 -1.0 -1.0 -1.0 -1.0 -1.0
0 564 161 621 304 0.49 -1.0 -1.0 -1.0 -1.0 -1.0 -1.0 -1.0
0 904 160 979 357 0.47 -1.0 -1.0 -1.0 -1.0 -1.0 -1.0 -1.0
0 929 164 1011 356 0.45 -1.0 -1.0 -1.0 -1.0 -1.0 -1.0 -1.0
0 764 153 848 326 0.4 -1.0 -1.0 -1.0 -1.0 -1.0 -1.0 -1.0
0 662 159 700 264 0.37 -1.0 -1.0 -1.0 -1.0 -1.0 -1.0 -1.0
0 1014 188 1063 347 0.29 -1.0 -1.0 -1.0 -1.0 -1.0 -1.0 -1.0
0 708 152 750 286 0.27 -1.0 -1.0 -1.0 -1.0 -1.0 -1.0 -1.0
1 506 179 561 227 0.51 -1.0 -1.0 -1.0 -1.0 -1.0 -1.0 -1.0
2 405 160 454 262 0.25 -1.0 -1.0 -1.0 -1.0 -1.0 -1.0 -1.0
