0 772 149 840 334 0.6 -1.0 -1.0 -1.0 -1.0 -1.0 -1.0 -1.0
0 989 148 1028 256 0.36 -1.0 -1.0 -1.0 -1.0 -1.0 -1.0 -1.0
0 1125 152 1168 270 0.34 -1.0 -1.0 -1.0 -1.0 -1.0 -1.0 -1.0
0 871 175 933 302 0.26 -1.0 -1.0 -1.0 -1.0 -1.0 -1.0 -1.0
0 901 162 962 277 0.21 -1.0 -1.0 -1.0 -1.0 -1.0 -1.0 -1.0
2 436 148 502 272 0.52 -1.0 -1.0 -1.0 -1.0 -1.0 -1.0 -1.0
2 673 135 733 250 0.33 -1.0 -1.0 -1.0 -1.0 -1.0 -1.0 -1.0
2 131 182 205 335 0.31 -1.0 -1.0 -1.0 -1.0 -1.0 -1.0 -1.0
2 12 158 108 357 0.28 -1.0 -1.0 -1.0 -1.0 -1.0 -1.0 -1.0
2 871 175 933 302 0.21 -1.0 -1.0 -1.0 -1.0 -1.0 -1.0 -1.0
