0 770 158 844 340 0.58 -1.0 -1.0 -1.0 -1.0 -1.0 -1.0 -1.0
0 975 148 1024 274 0.38 -1.0 -1.0 -1.0 -1.0 -1.0 -1.0 -1.0
0 203 172 269 327 0.25 -1.0 -1.0 -1.0 -1.0 -1.0 -1.0 -1.0
0 1136 151 1177 251 0.24 -1.0 -1.0 -1.0 -1.0 -1.0 -1.0 -1.0
0 523 159 565 261 0.21 -1.0 -1.0 -1.0 -1.0 -1.0 -1.0 -1.0
2 514 161 561 258 0.33 -1.0 -1.0 -1.0 -1.0 -1.0 -1.0 -1.0
2 97 169 202 310 0.32 -1.0 -1.0 -1.0 -1.0 -1.0 -1.0 -1.0
2 203 172 269 327 0.27 -1.0 -1.0 -1.0 -1.0 -1.0 -1.0 -1.0
2 877 181 946 314 0.26 -1.0 -1.0 -1.0 -1.0 -1.0 -1.0 -1.0
2 770 158 844 340 0.24 -1.0 -1.0 -1.0 -1.0 -1.0 -1.0 -1.0
2 975 148 1024 274 0.22 -1.0 -1.0 -1.0 -1.0 -1.0 -1.0 -1.0
