0 775 148 840 331 0.55 -1.0 -1.0 -1.0 -1.0 -1.0 -1.0 -1.0
0 156 169 219 329 0.48 -1.0 -1.0 -1.0 -1.0 -1.0 -1.0 -1.0
0 987 145 1029 260 0.41 -1.0 -1.0 -1.0 -1.0 -1.0 -1.0 -1.0
0 913 150 970 288 0.34 -1.0 -1.0 -1.0 -1.0 -1.0 -1.0 -1.0
0 868 167 939 308 0.28 -1.0 -1.0 -1.0 -1.0 -1.0 -1.0 -1.0
1 867 172 938 275 0.32 -1.0 -1.0 -1.0 -1.0 -1.0 -1.0 -1.0
2 437 130 523 272 0.41 -1.0 -1.0 -1.0 -1.0 -1.0 -1.0 -1.0
2 1133 141 1195 300 0.31 -1.0 -1.0 -1.0 -1.0 -1.0 -1.0 -1.0
2 12 148 130 329 0.29 -1.0 -1.0 -1.0 -1.0 -1.0 -1.0 -1.0
2 688 147 733 236 0.27 -1.0 -1.0 -1.0 -1.0 -1.0 -1.0 -1.0
