0 1092 130 1177 349 0.42 -1.0 -1.0 -1.0 -1.0 -1.0 -1.0 -1.0
0 756 144 837 353 0.39 -1.0 -1.0 -1.0 -1.0 -1.0 -1.0 -1.0
0 856 163 930 334 0.25 -1.0 -1.0 -1.0 -1.0 -1.0 -1.0 -1.0
0 1134 139 1197 264 0.22 -1.0 -1.0 -1.0 -1.0 -1.0 -1.0 -1.0
0 745 162 790 279 0.22 -1.0 -1.0 -1.0 -1.0 -1.0 -1.0 -1.0
1 512 170 562 214 0.34 -1.0 -1.0 -1.0 -1.0 -1.0 -1.0 -1.0
1 562 163 607 203 0.29 -1.0 -1.0 -1.0 -1.0 -1.0 -1.0 -1.0
1 1064 173 1110 233 0.25 -1.0 -1.0 -1.0 -1.0 -1.0 -1.0 -1.0
1 858 166 929 296 0.22 -1.0 -1.0 -1.0 -1.0 -1.0 -1.0 -1.0
2 756 144 837 353 0.25 -1.0 -1.0 -1.0 -1.0 -1.0 -1.0 -1.0
2 1080 143 1172 353 0.21 -1.0 -1.0 -1.0 -1.0 -1.0 -1.0 -1.0
