0 782 151 849 333 0.45 -1.0 -1.0 -1.0 -1.0 -1.0 -1.0 -1.0
0 172 158 239 324 0.41 -1.0 -1.0 -1.0 -1.0 -1.0 -1.0 -1.0
0 979 151 1021 253 0.3 -1.0 -1.0 -1.0 -1.0 -1.0 -1.0 -1.0
2 463 146 532 272 0.38 -1.0 -1.0 -1.0 -1.0 -1.0 -1.0 -1.0
2 1127 125 1202 297 0.37 -1.0 -1.0 -1.0 -1.0 -1.0 -1.0 -1.0
2 687 153 739 246 0.37 -1.0 -1.0 -1.0 -1.0 -1.0 -1.0 -1.0
2 778 153 853 344 0.29 -1.0 -1.0 -1.0 -1.0 -1.0 -1.0 -1.0
2 22 164 139 331 0.28 -1.0 -1.0 -1.0 -1.0 -1.0 -1.0 -1.0
2 878 168 965 309 0.26 -1.0 -1.0 -1.0 -1.0 -1.0 -1.0 -1.0
2 916 153 986 288 0.23 -1.0 -1.0 -1.0 -1.0 -1.0 -1.0 -1.0
2 979 151 1021 253 0.23 -1.0 -1.0 -1.0 -1.0 -1.0 -1.0 -1.0
