0 780 146 851 336 0.64 -1.0 -1.0 -1.0 -1.0 -1.0 -1.0 -1.0
0 920 159 981 299 0.36 -1.0 -1.0 -1.0 -1.0 -1.0 -1.0 -1.0
0 874 165 949 313 0.33 -1.0 -1.0 -1.0 -1.0 -1.0 -1.0 -1.0
0 977 150 1027 269 0.33 -1.0 -1.0 -1.0 -1.0 -1.0 -1.0 -1.0
0 156 164 221 318 0.21 -1.0 -1.0 -1.0 -1.0 -1.0 -1.0 -1.0
1 875 169 948 293 0.26 -1.0 -1.0 -1.0 -1.0 -1.0 -1.0 -1.0
2 448 134 529 268 0.42 -1.0 -1.0 -1.0 -1.0 -1.0 -1.0 -1.0
2 1127 128 1203 312 0.36 -1.0 -1.0 -1.0 -1.0 -1.0 -1.0 -1.0
2 5 161 137 334 0.28 -1.0 -1.0 -1.0 -1.0 -1.0 -1.0 -1.0
2 693 138 746 246 0.27 -1.0 -1.0 -1.0 -1.0 -1.0 -1.0 -1.0
