0 762 151 831 330 0.54 -1.0 -1.0 -1.0 -1.0 -1.0 -1.0 -1.0
0 985 143 1036 276 0.53 -1.0 -1.0 -1.0 -1.0 -1.0 -1.0 -1.0
0 1108 143 1164 283 0.53 -1.0 -1.0 -1.0 -1.0 -1.0 -1.0 -1.0
0 62 156 155 344 0.31 -1.0 -1.0 -1.0 -1.0 -1.0 -1.0 -1.0
0 849 164 922 312 0.25 -1.0 -1.0 -1.0 -1.0 -1.0 -1.0 -1.0
0 414 153 464 275 0.24 -1.0 -1.0 -1.0 -1.0 -1.0 -1.0 -1.0
2 413 159 464 280 0.33 -1.0 -1.0 -1.0 -1.0 -1.0 -1.0 -1.0
2 76 170 161 346 0.3 -1.0 -1.0 -1.0 -1.0 -1.0 -1.0 -1.0
2 762 151 831 330 0.24 -1.0 -1.0 -1.0 -1.0 -1.0 -1.0 -1.0
2 858 169 926 308 0.24 -1.0 -1.0 -1.0 -1.0 -1.0 -1.0 -1.0
2 659 147 724 256 0.22 -1.0 -1.0 -1.0 -1.0 -1.0 -1.0 -1.0
