0 754 146 820 331 0.6 -1.0 -1.0 -1.0 -1.0 -1.0 -1.0 -1.0
0 985 145 1036 273 0.49 -1.0 -1.0 -1.0 -1.0 -1.0 -1.0 -1.0
0 34 163 107 340 0.42 -1.0 -1.0 -1.0 -1.0 -1.0 -1.0 -1.0
0 842 160 904 318 0.41 -1.0 -1.0 -1.0 -1.0 -1.0 -1.0 -1.0
0 1097 134 1159 288 0.41 -1.0 -1.0 -1.0 -1.0 -1.0 -1.0 -1.0
0 386 160 436 285 0.33 -1.0 -1.0 -1.0 -1.0 -1.0 -1.0 -1.0
2 1094 143 1161 295 0.36 -1.0 -1.0 -1.0 -1.0 -1.0 -1.0 -1.0
2 386 160 436 285 0.32 -1.0 -1.0 -1.0 -1.0 -1.0 -1.0 -1.0
2 658 154 708 246 0.29 -1.0 -1.0 -1.0 -1.0 -1.0 -1.0 -1.0
2 32 172 109 345 0.29 -1.0 -1.0 -1.0 -1.0 -1.0 -1.0 -1.0
