0 1055 147 1136 336 0.41 -1.0 -1.0 -1.0 -1.0 -1.0 -1.0 -1.0
0 753 166 840 370 0.32 -1.0 -1.0 -1.0 -1.0 -1.0 -1.0 -1.0
0 849 175 937 362 0.27 -1.0 -1.0 -1.0 -1.0 -1.0 -1.0 -1.0
0 197 174 274 345 0.23 -1.0 -1.0 -1.0 -1.0 -1.0 -1.0 -1.0
0 1160 147 1209 253 0.23 -1.0 -1.0 -1.0 -1.0 -1.0 -1.0 -1.0
1 536 169 573 210 0.23 -1.0 -1.0 -1.0 -1.0 -1.0 -1.0 -1.0
2 1038 150 1138 347 0.38 -1.0 -1.0 -1.0 -1.0 -1.0 -1.0 -1.0
2 753 166 840 370 0.34 -1.0 -1.0 -1.0 -1.0 -1.0 -1.0 -1.0
2 1160 147 1209 253 0.31 -1.0 -1.0 -1.0 -1.0 -1.0 -1.0 -1.0
2 849 175 937 362 0.29 -1.0 -1.0 -1.0 -1.0 -1.0 -1.0 -1.0
