0 223 164 268 281 0.47 -1.0 -1.0 -1.0 -1.0 -1.0 -1.0 -1.0
0 709 153 772 307 0.41 -1.0 -1.0 -1.0 -1.0 -1.0 -1.0 -1.0
0 1095 134 1194 328 0.29 -1.0 -1.0 -1.0 -1.0 -1.0 -1.0 -1.0
0 319 156 387 288 0.22 -1.0 -1.0 -1.0 -1.0 -1.0 -1.0 -1.0
1 396 156 484 226 0.36 -1.0 -1.0 -1.0 -1.0 -1.0 -1.0 -1.0
1 28 206 77 254 0.23 -1.0 -1.0 -1.0 -1.0 -1.0 -1.0 -1.0
2 1090 140 1201 337 0.48 -1.0 -1.0 -1.0 -1.0 -1.0 -1.0 -1.0
2 787 159 867 298 0.47 -1.0 -1.0 -1.0 -1.0 -1.0 -1.0 -1.0
2 314 161 393 296 0.46 -1.0 -1.0 -1.0 -1.0 -1.0 -1.0 -1.0
2 709 153 772 307 0.29 -1.0 -1.0 -1.0 -1.0 -1.0 -1.0 -1.0
2 742 150 811 292 0.24 -1.0 -1.0 -1.0 -1.0 -1.0 -1.0 -1.0
