0 1040 140 1113 323 0.57 -1.0 -1.0 -1.0 -1.0 -1.0 -1.0 -1.0
0 886 150 960 329 0.53 -1.0 -1.0 -1.0 -1.0 -1.0 -1.0 -1.0
0 119 175 195 344 0.45 -1.0 -1.0 -1.0 -1.0 -1.0 -1.0 -1.0
0 1155 124 1212 296 0.29 -1.0 -1.0 -1.0 -1.0 -1.0 -1.0 -1.0
1 387 158 472 228 0.45 -1.0 -1.0 -1.0 -1.0 -1.0 -1.0 -1.0
1 466 171 550 229 0.39 -1.0 -1.0 -1.0 -1.0 -1.0 -1.0 -1.0
1 206 192 250 232 0.27 -1.0 -1.0 -1.0 -1.0 -1.0 -1.0 -1.0
2 646 141 720 263 0.37 -1.0 -1.0 -1.0 -1.0 -1.0 -1.0 -1.0
2 604 141 662 264 0.26 -1.0 -1.0 -1.0 -1.0 -1.0 -1.0 -1.0
2 260 179 295 257 0.24 -1.0 -1.0 -1.0 -1.0 -1.0 -1.0 -1.0
2 886 150 960 329 0.22 -1.0 -1.0 -1.0 -1.0 -1.0 -1.0 -1.0
