0 927 147 997 331 0.63 -1.0 -1.0 -1.0 -1.0 -1.0 -1.0 -1.0
0 1107 146 1182 331 0.45 -1.0 -1.0 -1.0 -1.0 -1.0 -1.0 -1.0
0 140 169 215 332 0.44 -1.0 -1.0 -1.0 -1.0 -1.0 -1.0 -1.0
0 248 171 286 268 0.36 -1.0 -1.0 -1.0 -1.0 -1.0 -1.0 -1.0
0 816 159 854 263 0.36 -1.0 -1.0 -1.0 -1.0 -1.0 -1.0 -1.0
0 1149 116 1219 323 0.35 -1.0 -1.0 -1.0 -1.0 -1.0 -1.0 -1.0
1 386 160 472 227 0.48 -1.0 -1.0 -1.0 -1.0 -1.0 -1.0 -1.0
1 483 173 553 225 0.33 -1.0 -1.0 -1.0 -1.0 -1.0 -1.0 -1.0
1 437 165 500 214 0.21 -1.0 -1.0 -1.0 -1.0 -1.0 -1.0 -1.0
2 659 149 725 271 0.46 -1.0 -1.0 -1.0 -1.0 -1.0 -1.0 -1.0
2 615 160 673 260 0.3 -1.0 -1.0 -1.0 -1.0 -1.0 -1.0 -1.0
