0 959 162 1020 318 0.59 -1.0 -1.0 -1.0 -1.0 -1.0 -1.0 -1.0
0 826 148 903 333 0.44 -1.0 -1.0 -1.0 -1.0 -1.0 -1.0 -1.0
0 37 170 123 367 0.32 -1.0 -1.0 -1.0 -1.0 -1.0 -1.0 -1.0
0 286 171 322 255 0.3 -1.0 -1.0 -1.0 -1.0 -1.0 -1.0 -1.0
1 444 168 551 253 0.62 -1.0 -1.0 -1.0 -1.0 -1.0 -1.0 -1.0
1 378 159 464 222 0.36 -1.0 -1.0 -1.0 -1.0 -1.0 -1.0 -1.0
2 822 152 909 344 0.42 -1.0 -1.0 -1.0 -1.0 -1.0 -1.0 -1.0
2 655 159 713 259 0.35 -1.0 -1.0 -1.0 -1.0 -1.0 -1.0 -1.0
2 579 149 632 254 0.33 -1.0 -1.0 -1.0 -1.0 -1.0 -1.0 -1.0
2 724 169 776 252 0.25 -1.0 -1.0 -1.0 -1.0 -1.0 -1.0 -1.0
2 290 180 320 257 0.23 -1.0 -1.0 -1.0 -1.0 -1.0 -1.0 -1.0
