0 946 148 1014 333 0.64 -1.0 -1.0 -1.0 -1.0 -1.0 -1.0 -1.0
0 1135 133 1213 347 0.59 -1.0 -1.0 -1.0 -1.0 -1.0 -1.0 -1.0
0 837 159 873 263 0.43 -1.0 -1.0 -1.0 -1.0 -1.0 -1.0 -1.0
0 247 171 282 269 0.4 -1.0 -1.0 -1.0 -1.0 -1.0 -1.0 -1.0
0 148 160 245 340 0.33 -1.0 -1.0 -1.0 -1.0 -1.0 -1.0 -1.0
0 635 159 686 265 0.22 -1.0 -1.0 -1.0 -1.0 -1.0 -1.0 -1.0
1 384 161 474 225 0.4 -1.0 -1.0 -1.0 -1.0 -1.0 -1.0 -1.0
1 428 164 511 214 0.22 -1.0 -1.0 -1.0 -1.0 -1.0 -1.0 -1.0
1 491 173 563 224 0.21 -1.0 -1.0 -1.0 -1.0 -1.0 -1.0 -1.0
2 127 160 249 355 0.41 -1.0 -1.0 -1.0 -1.0 -1.0 -1.0 -1.0
2 678 161 725 261 0.31 -1.0 -1.0 -1.0 -1.0 -1.0 -1.0 -1.0
2 635 159 686 265 0.26 -1.0 -1.0 -1.0 -1.0 -1.0 -1.0 -1.0
