0 1070 150 1142 328 0.51 -1.0 -1.0 -1.0 -1.0 -1.0 -1.0 -1.0
0 900 143 986 337 0.46 -1.0 -1.0 -1.0 -1.0 -1.0 -1.0 -1.0
0 125 179 209 342 0.33 -1.0 -1.0 -1.0 -1.0 -1.0 -1.0 -1.0
0 1155 121 1213 298 0.29 -1.0 -1.0 -1.0 -1.0 -1.0 -1.0 -1.0
0 257 175 294 264 0.21 -1.0 -1.0 -1.0 -1.0 -1.0 -1.0 -1.0
1 389 159 469 226 0.44 -1.0 -1.0 -1.0 -1.0 -1.0 -1.0 -1.0
1 482 173 551 227 0.3 -1.0 -1.0 -1.0 -1.0 -1.0 -1.0 -1.0
1 70 194 150 266 0.21 -1.0 -1.0 -1.0 -1.0 -1.0 -1.0 -1.0
2 642 140 725 279 0.46 -1.0 -1.0 -1.0 -1.0 -1.0 -1.0 -1.0
2 900 143 986 337 0.39 -1.0 -1.0 -1.0 -1.0 -1.0 -1.0 -1.0
2 257 175 294 264 0.37 -1.0 -1.0 -1.0 -1.0 -1.0 -1.0 -1.0
2 600 145 666 274 0.31 -1.0 -1.0 -1.0 -1.0 -1.0 -1.0 -1.0
2 122 184 215 350 0.27 -1.0 -1.0 -1.0 -1.0 -1.0 -1.0 -1.0
