0 1111 129 1179 315 0.56 -1.0 -1.0 -1.0 -1.0 -1.0 -1.0 -1.0
0 204 166 251 277 0.34 -1.0 -1.0 -1.0 -1.0 -1.0 -1.0 -1.0
0 1149 127 1216 313 0.31 -1.0 -1.0 -1.0 -1.0 -1.0 -1.0 -1.0
0 685 139 756 285 0.23 -1.0 -1.0 -1.0 -1.0 -1.0 -1.0 -1.0
0 268 158 341 305 0.22 -1.0 -1.0 -1.0 -1.0 -1.0 -1.0 -1.0
1 377 159 465 226 0.37 -1.0 -1.0 -1.0 -1.0 -1.0 -1.0 -1.0
1 9 197 35 280 0.23 -1.0 -1.0 -1.0 -1.0 -1.0 -1.0 -1.0
2 268 158 341 305 0.52 -1.0 -1.0 -1.0 -1.0 -1.0 -1.0 -1.0
2 685 134 772 308 0.45 -1.0 -1.0 -1.0 -1.0 -1.0 -1.0 -1.0
2 1018 157 1062 263 0.24 -1.0 -1.0 -1.0 -1.0 -1.0 -1.0 -1.0
2 211 163 261 280 0.24 -1.0 -1.0 -1.0 -1.0 -1.0 -1.0 -1.0
