0 917 148 986 333 0.65 -1.0 -1.0 -1.0 -1.0 -1.0 -1.0 -1.0
0 1098 150 1171 330 0.44 -1.0 -1.0 -1.0 -1.0 -1.0 -1.0 -1.0
0 136 170 218 351 0.42 -1.0 -1.0 -1.0 -1.0 -1.0 -1.0 -1.0
0 257 172 292 268 0.36 -1.0 -1.0 -1.0 -1.0 -1.0 -1.0 -1.0
0 806 164 842 257 0.27 -1.0 -1.0 -1.0 -1.0 -1.0 -1.0 -1.0
0 1164 121 1221 317 0.23 -1.0 -1.0 -1.0 -1.0 -1.0 -1.0 -1.0
1 387 159 471 227 0.49 -1.0 -1.0 -1.0 -1.0 -1.0 -1.0 -1.0
2 652 143 731 275 0.45 -1.0 -1.0 -1.0 -1.0 -1.0 -1.0 -1.0
2 609 148 677 271 0.41 -1.0 -1.0 -1.0 -1.0 -1.0 -1.0 -1.0
2 133 175 222 359 0.21 -1.0 -1.0 -1.0 -1.0 -1.0 -1.0 -1.0
2 806 164 842 257 0.21 -1.0 -1.0 -1.0 -1.0 -1.0 -1.0 -1.0
