0 10 184 92 389 0.47 -1.0 -1.0 -1.0 -1.0 -1.0 -1.0 -1.0
0 806 155 882 326 0.38 -1.0 -1.0 -1.0 -1.0 -1.0 -1.0 -1.0
0 297 169 332 252 0.36 -1.0 -1.0 -1.0 -1.0 -1.0 -1.0 -1.0
0 907 154 995 326 0.21 -1.0 -1.0 -1.0 -1.0 -1.0 -1.0 -1.0
1 429 164 547 256 0.74 -1.0 -1.0 -1.0 -1.0 -1.0 -1.0 -1.0
1 388 156 472 223 0.34 -1.0 -1.0 -1.0 -1.0 -1.0 -1.0 -1.0
1 208 189 265 235 0.32 -1.0 -1.0 -1.0 -1.0 -1.0 -1.0 -1.0
2 907 154 995 326 0.53 -1.0 -1.0 -1.0 -1.0 -1.0 -1.0 -1.0
2 803 160 886 335 0.34 -1.0 -1.0 -1.0 -1.0 -1.0 -1.0 -1.0
2 607 154 659 250 0.32 -1.0 -1.0 -1.0 -1.0 -1.0 -1.0 -1.0
2 659 168 706 252 0.3 -1.0 -1.0 -1.0 -1.0 -1.0 -1.0 -1.0
2 714 161 765 261 0.24 -1.0 -1.0 -1.0 -1.0 -1.0 -1.0 -1.0
