0 936 152 1005 327 0.63 -1.0 -1.0 -1.0 -1.0 -1.0 -1.0 -1.0
0 1125 129 1204 331 0.59 -1.0 -1.0 -1.0 -1.0 -1.0 -1.0 -1.0
0 146 162 229 340 0.41 -1.0 -1.0 -1.0 -1.0 -1.0 -1.0 -1.0
0 247 171 285 269 0.39 -1.0 -1.0 -1.0 -1.0 -1.0 -1.0 -1.0
1 387 160 471 226 0.47 -1.0 -1.0 -1.0 -1.0 -1.0 -1.0 -1.0
1 484 170 554 228 0.29 -1.0 -1.0 -1.0 -1.0 -1.0 -1.0 -1.0
1 9 201 34 294 0.22 -1.0 -1.0 -1.0 -1.0 -1.0 -1.0 -1.0
2 125 163 233 354 0.35 -1.0 -1.0 -1.0 -1.0 -1.0 -1.0 -1.0
2 625 158 679 263 0.32 -1.0 -1.0 -1.0 -1.0 -1.0 -1.0 -1.0
2 673 163 731 256 0.28 -1.0 -1.0 -1.0 -1.0 -1.0 -1.0 -1.0
