0 1032 145 1102 318 0.52 -1.0 -1.0 -1.0 -1.0 -1.0 -1.0 -1.0
0 109 171 188 347 0.49 -1.0 -1.0 -1.0 -1.0 -1.0 -1.0 -1.0
0 874 148 954 331 0.45 -1.0 -1.0 -1.0 -1.0 -1.0 -1.0 -1.0
0 269 176 302 262 0.23 -1.0 -1.0 -1.0 -1.0 -1.0 -1.0 -1.0
1 386 159 472 227 0.48 -1.0 -1.0 -1.0 -1.0 -1.0 -1.0 -1.0
1 464 168 552 233 0.32 -1.0 -1.0 -1.0 -1.0 -1.0 -1.0 -1.0
1 216 193 255 229 0.21 -1.0 -1.0 -1.0 -1.0 -1.0 -1.0 -1.0
2 646 149 720 270 0.45 -1.0 -1.0 -1.0 -1.0 -1.0 -1.0 -1.0
2 874 148 954 331 0.34 -1.0 -1.0 -1.0 -1.0 -1.0 -1.0 -1.0
2 1029 150 1106 327 0.29 -1.0 -1.0 -1.0 -1.0 -1.0 -1.0 -1.0
2 269 176 302 262 0.28 -1.0 -1.0 -1.0 -1.0 -1.0 -1.0 -1.0
2 603 157 663 263 0.26 -1.0 -1.0 -1.0 -1.0 -1.0 -1.0 -1.0
