0 117 171 198 347 0.52 -1.0 -1.0 -1.0 -1.0 -1.0 -1.0 -1.0
0 1058 146 1134 330 0.52 -1.0 -1.0 -1.0 -1.0 -1.0 -1.0 -1.0
0 892 147 974 331 0.42 -1.0 -1.0 -1.0 -1.0 -1.0 -1.0 -1.0
0 260 176 292 260 0.33 -1.0 -1.0 -1.0 -1.0 -1.0 -1.0 -1.0
0 1154 121 1213 298 0.32 -1.0 -1.0 -1.0 -1.0 -1.0 -1.0 -1.0
1 388 158 470 228 0.49 -1.0 -1.0 -1.0 -1.0 -1.0 -1.0 -1.0
1 483 173 550 228 0.29 -1.0 -1.0 -1.0 -1.0 -1.0 -1.0 -1.0
2 647 149 720 270 0.39 -1.0 -1.0 -1.0 -1.0 -1.0 -1.0 -1.0
2 601 137 664 270 0.36 -1.0 -1.0 -1.0 -1.0 -1.0 -1.0 -1.0
2 892 147 974 331 0.29 -1.0 -1.0 -1.0 -1.0 -1.0 -1.0 -1.0
