0 211 160 279 323 0.48 -1.0 -1.0 -1.0 -1.0 -1.0 -1.0 -1.0
0 1015 141 1118 338 0.39 -1.0 -1.0 -1.0 -1.0 -1.0 -1.0 -1.0
0 909 147 955 258 0.21 -1.0 -1.0 -1.0 -1.0 -1.0 -1.0 -1.0
1 379 160 464 222 0.34 -1.0 -1.0 -1.0 -1.0 -1.0 -1.0 -1.0
1 9 210 35 285 0.21 -1.0 -1.0 -1.0 -1.0 -1.0 -1.0 -1.0
2 1011 142 1108 339 0.44 -1.0 -1.0 -1.0 -1.0 -1.0 -1.0 -1.0
2 656 167 707 271 0.32 -1.0 -1.0 -1.0 -1.0 -1.0 -1.0 -1.0
2 909 147 955 258 0.3 -1.0 -1.0 -1.0 -1.0 -1.0 -1.0 -1.0
2 696 156 764 265 0.29 -1.0 -1.0 -1.0 -1.0 -1.0 -1.0 -1.0
2 195 158 280 338 0.25 -1.0 -1.0 -1.0 -1.0 -1.0 -1.0 -1.0
