0 1007 148 1071 313 0.55 -1.0 -1.0 -1.0 -1.0 -1.0 -1.0 -1.0
0 83 177 174 357 0.47 -1.0 -1.0 -1.0 -1.0 -1.0 -1.0 -1.0
0 270 181 303 256 0.23 -1.0 -1.0 -1.0 -1.0 -1.0 -1.0 -1.0
1 387 157 471 226 0.51 -1.0 -1.0 -1.0 -1.0 -1.0 -1.0 -1.0
1 462 165 550 240 0.46 -1.0 -1.0 -1.0 -1.0 -1.0 -1.0 -1.0
1 211 190 261 233 0.23 -1.0 -1.0 -1.0 -1.0 -1.0 -1.0 -1.0
2 853 153 953 343 0.57 -1.0 -1.0 -1.0 -1.0 -1.0 -1.0 -1.0
2 591 148 660 271 0.41 -1.0 -1.0 -1.0 -1.0 -1.0 -1.0 -1.0
2 648 151 718 268 0.4 -1.0 -1.0 -1.0 -1.0 -1.0 -1.0 -1.0
2 760 185 796 255 0.24 -1.0 -1.0 -1.0 -1.0 -1.0 -1.0 -1.0
