0 717 145 778 297 0.5 -1.0 -1.0 -1.0 -1.0 -1.0 -1.0 -1.0
0 233 162 279 282 0.47 -1.0 -1.0 -1.0 -1.0 -1.0 -1.0 -1.0
0 1087 133 1184 329 0.32 -1.0 -1.0 -1.0 -1.0 -1.0 -1.0 -1.0
0 749 156 804 283 0.26 -1.0 -1.0 -1.0 -1.0 -1.0 -1.0 -1.0
0 811 164 858 294 0.22 -1.0 -1.0 -1.0 -1.0 -1.0 -1.0 -1.0
0 319 152 389 291 0.22 -1.0 -1.0 -1.0 -1.0 -1.0 -1.0 -1.0
1 382 155 480 227 0.22 -1.0 -1.0 -1.0 -1.0 -1.0 -1.0 -1.0
1 3 185 24 276 0.21 -1.0 -1.0 -1.0 -1.0 -1.0 -1.0 -1.0
2 326 150 399 293 0.48 -1.0 -1.0 -1.0 -1.0 -1.0 -1.0 -1.0
2 1090 142 1200 335 0.43 -1.0 -1.0 -1.0 -1.0 -1.0 -1.0 -1.0
