0 1107 131 1184 329 0.52 -1.0 -1.0 -1.0 -1.0 -1.0 -1.0 -1.0
0 214 166 257 278 0.44 -1.0 -1.0 -1.0 -1.0 -1.0 -1.0 -1.0
0 1033 151 1082 267 0.42 -1.0 -1.0 -1.0 -1.0 -1.0 -1.0 -1.0
0 701 151 776 311 0.28 -1.0 -1.0 -1.0 -1.0 -1.0 -1.0 -1.0
0 277 158 352 303 0.23 -1.0 -1.0 -1.0 -1.0 -1.0 -1.0 -1.0
1 387 155 471 226 0.26 -1.0 -1.0 -1.0 -1.0 -1.0 -1.0 -1.0
1 9 199 35 277 0.26 -1.0 -1.0 -1.0 -1.0 -1.0 -1.0 -1.0
2 277 158 352 303 0.46 -1.0 -1.0 -1.0 -1.0 -1.0 -1.0 -1.0
2 701 151 776 311 0.43 -1.0 -1.0 -1.0 -1.0 -1.0 -1.0 -1.0
2 762 155 855 303 0.25 -1.0 -1.0 -1.0 -1.0 -1.0 -1.0 -1.0
