1 691 188 776 250 0.65 -1.0 -1.0 -1.0 -1.0 -1.0 -1.0 -1.0
1 301 184 426 280 0.58 -1.0 -1.0 -1.0 -1.0 -1.0 -1.0 -1.0
1 17 190 301 369 0.56 -1.0 -1.0 -1.0 -1.0 -1.0 -1.0 -1.0
1 375 182 449 243 0.55 -1.0 -1.0 -1.0 -1.0 -1.0 -1.0 -1.0
1 427 180 496 228 0.5 -1.0 -1.0 -1.0 -1.0 -1.0 -1.0 -1.0
1 143 186 272 254 0.5 -1.0 -1.0 -1.0 -1.0 -1.0 -1.0 -1.0
1 201 188 294 237 0.35 -1.0 -1.0 -1.0 -1.0 -1.0 -1.0 -1.0
1 476 174 541 209 0.33 -1.0 -1.0 -1.0 -1.0 -1.0 -1.0 -1.0
1 502 167 573 200 0.33 -1.0 -1.0 -1.0 -1.0 -1.0 -1.0 -1.0
1 550 161 622 201 0.33 -1.0 -1.0 -1.0 -1.0 -1.0 -1.0 -1.0
