1 2 200 278 377 0.68 -1.0 -1.0 -1.0 -1.0 -1.0 -1.0 -1.0
1 692 188 774 248 0.62 -1.0 -1.0 -1.0 -1.0 -1.0 -1.0 -1.0
1 293 188 431 289 0.58 -1.0 -1.0 -1.0 -1.0 -1.0 -1.0 -1.0
1 372 184 452 239 0.5 -1.0 -1.0 -1.0 -1.0 -1.0 -1.0 -1.0
1 435 183 501 223 0.49 -1.0 -1.0 -1.0 -1.0 -1.0 -1.0 -1.0
1 126 189 288 270 0.39 -1.0 -1.0 -1.0 -1.0 -1.0 -1.0 -1.0
1 547 160 624 201 0.28 -1.0 -1.0 -1.0 -1.0 -1.0 -1.0 -1.0
1 498 169 559 199 0.28 -1.0 -1.0 -1.0 -1.0 -1.0 -1.0 -1.0
1 174 192 300 249 0.28 -1.0 -1.0 -1.0 -1.0 -1.0 -1.0 -1.0
1 474 173 542 208 0.28 -1.0 -1.0 -1.0 -1.0 -1.0 -1.0 -1.0
