1 39 189 396 368 0.75 -1.0 -1.0 -1.0 -1.0 -1.0 -1.0 -1.0
1 406 178 477 226 0.64 -1.0 -1.0 -1.0 -1.0 -1.0 -1.0 -1.0
1 671 180 736 231 0.51 -1.0 -1.0 -1.0 -1.0 -1.0 -1.0 -1.0
1 481 176 535 209 0.41 -1.0 -1.0 -1.0 -1.0 -1.0 -1.0 -1.0
1 366 182 414 218 0.4 -1.0 -1.0 -1.0 -1.0 -1.0 -1.0 -1.0
1 537 162 618 200 0.31 -1.0 -1.0 -1.0 -1.0 -1.0 -1.0 -1.0
1 2 188 182 294 0.31 -1.0 -1.0 -1.0 -1.0 -1.0 -1.0 -1.0
1 7 194 77 303 0.28 -1.0 -1.0 -1.0 -1.0 -1.0 -1.0 -1.0
1 510 165 586 198 0.26 -1.0 -1.0 -1.0 -1.0 -1.0 -1.0 -1.0
1 247 194 344 249 0.21 -1.0 -1.0 -1.0 -1.0 -1.0 -1.0 -1.0
