1 10 182 208 294 0.81 -1.0 -1.0 -1.0 -1.0 -1.0 -1.0 -1.0
1 432 179 487 222 0.59 -1.0 -1.0 -1.0 -1.0 -1.0 -1.0 -1.0
1 282 167 403 271 0.58 -1.0 -1.0 -1.0 -1.0 -1.0 -1.0 -1.0
1 573 174 619 213 0.55 -1.0 -1.0 -1.0 -1.0 -1.0 -1.0 -1.0
1 203 182 274 223 0.49 -1.0 -1.0 -1.0 -1.0 -1.0 -1.0 -1.0
1 483 161 536 205 0.39 -1.0 -1.0 -1.0 -1.0 -1.0 -1.0 -1.0
1 375 196 428 243 0.35 -1.0 -1.0 -1.0 -1.0 -1.0 -1.0 -1.0
1 252 173 339 247 0.26 -1.0 -1.0 -1.0 -1.0 -1.0 -1.0 -1.0
1 4 181 79 297 0.23 -1.0 -1.0 -1.0 -1.0 -1.0 -1.0 -1.0
1 525 166 569 200 0.21 -1.0 -1.0 -1.0 -1.0 -1.0 -1.0 -1.0
