1 1175 200 1237 278 0.51 -1.0 -1.0 -1.0 -1.0 -1.0 -1.0 -1.0
1 21 183 141 273 0.46 -1.0 -1.0 -1.0 -1.0 -1.0 -1.0 -1.0
1 323 190 385 230 0.44 -1.0 -1.0 -1.0 -1.0 -1.0 -1.0 -1.0
1 79 187 184 236 0.44 -1.0 -1.0 -1.0 -1.0 -1.0 -1.0 -1.0
1 184 187 292 230 0.38 -1.0 -1.0 -1.0 -1.0 -1.0 -1.0 -1.0
1 685 173 740 208 0.32 -1.0 -1.0 -1.0 -1.0 -1.0 -1.0 -1.0
1 771 177 831 212 0.32 -1.0 -1.0 -1.0 -1.0 -1.0 -1.0 -1.0
1 938 201 1051 255 0.25 -1.0 -1.0 -1.0 -1.0 -1.0 -1.0 -1.0
1 141 191 236 227 0.22 -1.0 -1.0 -1.0 -1.0 -1.0 -1.0 -1.0
1 262 180 369 225 0.21 -1.0 -1.0 -1.0 -1.0 -1.0 -1.0 -1.0
