1 800 174 1190 366 0.85 -1.0 -1.0 -1.0 -1.0 -1.0 -1.0 -1.0
1 174 197 374 299 0.8 -1.0 -1.0 -1.0 -1.0 -1.0 -1.0 -1.0
1 759 186 897 272 0.68 -1.0 -1.0 -1.0 -1.0 -1.0 -1.0 -1.0
1 686 178 758 227 0.58 -1.0 -1.0 -1.0 -1.0 -1.0 -1.0 -1.0
1 20 216 85 379 0.45 -1.0 -1.0 -1.0 -1.0 -1.0 -1.0 -1.0
1 258 198 392 261 0.28 -1.0 -1.0 -1.0 -1.0 -1.0 -1.0 -1.0
1 654 173 716 214 0.28 -1.0 -1.0 -1.0 -1.0 -1.0 -1.0 -1.0
1 311 187 437 255 0.27 -1.0 -1.0 -1.0 -1.0 -1.0 -1.0 -1.0
1 548 166 587 196 0.27 -1.0 -1.0 -1.0 -1.0 -1.0 -1.0 -1.0
1 1108 86 1229 373 0.26 -1.0 -1.0 -1.0 -1.0 -1.0 -1.0 -1.0
1 430 178 491 220 0.23 -1.0 -1.0 -1.0 -1.0 -1.0 -1.0 -1.0
1 482 162 537 207 0.21 -1.0 -1.0 -1.0 -1.0 -1.0 -1.0 -1.0
1 14 169 90 271 0.21 -1.0 -1.0 -1.0 -1.0 -1.0 -1.0 -1.0
