1 757 184 1020 314 0.77 -1.0 -1.0 -1.0 -1.0 -1.0 -1.0 -1.0
1 18 209 221 350 0.72 -1.0 -1.0 -1.0 -1.0 -1.0 -1.0 -1.0
1 248 199 404 276 0.63 -1.0 -1.0 -1.0 -1.0 -1.0 -1.0 -1.0
1 730 185 851 255 0.53 -1.0 -1.0 -1.0 -1.0 -1.0 -1.0 -1.0
1 680 177 745 226 0.5 -1.0 -1.0 -1.0 -1.0 -1.0 -1.0 -1.0
1 998 124 1239 316 0.42 -1.0 -1.0 -1.0 -1.0 -1.0 -1.0 -1.0
1 350 194 454 245 0.42 -1.0 -1.0 -1.0 -1.0 -1.0 -1.0 -1.0
1 655 169 714 216 0.4 -1.0 -1.0 -1.0 -1.0 -1.0 -1.0 -1.0
1 561 168 594 194 0.3 -1.0 -1.0 -1.0 -1.0 -1.0 -1.0 -1.0
1 472 165 525 202 0.26 -1.0 -1.0 -1.0 -1.0 -1.0 -1.0 -1.0
1 58 184 164 235 0.24 -1.0 -1.0 -1.0 -1.0 -1.0 -1.0 -1.0
