1 523 151 786 308 0.76 -1.0 -1.0 -1.0 -1.0 -1.0 -1.0 -1.0
1 380 191 484 253 0.63 -1.0 -1.0 -1.0 -1.0 -1.0 -1.0 -1.0
1 756 176 845 225 0.56 -1.0 -1.0 -1.0 -1.0 -1.0 -1.0 -1.0
1 249 189 324 228 0.45 -1.0 -1.0 -1.0 -1.0 -1.0 -1.0 -1.0
1 901 157 1144 245 0.39 -1.0 -1.0 -1.0 -1.0 -1.0 -1.0 -1.0
1 833 171 981 233 0.39 -1.0 -1.0 -1.0 -1.0 -1.0 -1.0 -1.0
1 794 175 923 228 0.36 -1.0 -1.0 -1.0 -1.0 -1.0 -1.0 -1.0
1 456 181 523 218 0.3 -1.0 -1.0 -1.0 -1.0 -1.0 -1.0 -1.0
1 29 183 97 222 0.29 -1.0 -1.0 -1.0 -1.0 -1.0 -1.0 -1.0
1 1088 189 1210 250 0.25 -1.0 -1.0 -1.0 -1.0 -1.0 -1.0 -1.0
