1 658 133 1018 330 0.71 -1.0 -1.0 -1.0 -1.0 -1.0 -1.0 -1.0
1 492 185 603 258 0.68 -1.0 -1.0 -1.0 -1.0 -1.0 -1.0 -1.0
1 1038 153 1218 244 0.68 -1.0 -1.0 -1.0 -1.0 -1.0 -1.0 -1.0
1 944 159 1045 225 0.6 -1.0 -1.0 -1.0 -1.0 -1.0 -1.0 -1.0
1 379 180 441 221 0.58 -1.0 -1.0 -1.0 -1.0 -1.0 -1.0 -1.0
1 189 183 244 216 0.48 -1.0 -1.0 -1.0 -1.0 -1.0 -1.0 -1.0
1 6 195 77 360 0.43 -1.0 -1.0 -1.0 -1.0 -1.0 -1.0 -1.0
1 566 170 647 212 0.32 -1.0 -1.0 -1.0 -1.0 -1.0 -1.0 -1.0
1 1206 171 1230 250 0.24 -1.0 -1.0 -1.0 -1.0 -1.0 -1.0 -1.0
1 112 146 169 181 0.21 -1.0 -1.0 -1.0 -1.0 -1.0 -1.0 -1.0
