1 48 218 250 336 0.66 -1.0 -1.0 -1.0 -1.0 -1.0 -1.0 -1.0
1 955 144 1206 354 0.66 -1.0 -1.0 -1.0 -1.0 -1.0 -1.0 -1.0
1 542 189 610 231 0.63 -1.0 -1.0 -1.0 -1.0 -1.0 -1.0 -1.0
1 677 193 845 305 0.52 -1.0 -1.0 -1.0 -1.0 -1.0 -1.0 -1.0
1 365 185 420 223 0.45 -1.0 -1.0 -1.0 -1.0 -1.0 -1.0 -1.0
1 766 171 854 232 0.42 -1.0 -1.0 -1.0 -1.0 -1.0 -1.0 -1.0
1 728 173 815 231 0.3 -1.0 -1.0 -1.0 -1.0 -1.0 -1.0 -1.0
1 23 225 100 387 0.27 -1.0 -1.0 -1.0 -1.0 -1.0 -1.0 -1.0
1 308 167 362 194 0.24 -1.0 -1.0 -1.0 -1.0 -1.0 -1.0 -1.0
1 228 182 287 220 0.22 -1.0 -1.0 -1.0 -1.0 -1.0 -1.0 -1.0
