1 798 197 1150 359 0.88 -1.0 -1.0 -1.0 -1.0 -1.0 -1.0 -1.0
1 251 195 415 282 0.77 -1.0 -1.0 -1.0 -1.0 -1.0 -1.0 -1.0
1 11 194 325 363 0.74 -1.0 -1.0 -1.0 -1.0 -1.0 -1.0 -1.0
1 748 183 909 272 0.71 -1.0 -1.0 -1.0 -1.0 -1.0 -1.0 -1.0
1 470 182 524 218 0.56 -1.0 -1.0 -1.0 -1.0 -1.0 -1.0 -1.0
1 695 176 769 226 0.38 -1.0 -1.0 -1.0 -1.0 -1.0 -1.0 -1.0
1 715 178 827 243 0.32 -1.0 -1.0 -1.0 -1.0 -1.0 -1.0 -1.0
1 1199 178 1237 243 0.28 -1.0 -1.0 -1.0 -1.0 -1.0 -1.0 -1.0
1 1115 199 1222 417 0.24 -1.0 -1.0 -1.0 -1.0 -1.0 -1.0 -1.0
1 113 181 205 221 0.21 -1.0 -1.0 -1.0 -1.0 -1.0 -1.0 -1.0
