1 772 179 1099 342 0.9 -1.0 -1.0 -1.0 -1.0 -1.0 -1.0 -1.0
1 212 196 397 288 0.79 -1.0 -1.0 -1.0 -1.0 -1.0 -1.0 -1.0
1 18 219 163 356 0.63 -1.0 -1.0 -1.0 -1.0 -1.0 -1.0 -1.0
1 745 183 873 260 0.56 -1.0 -1.0 -1.0 -1.0 -1.0 -1.0 -1.0
1 686 179 758 227 0.5 -1.0 -1.0 -1.0 -1.0 -1.0 -1.0 -1.0
1 1018 108 1221 313 0.44 -1.0 -1.0 -1.0 -1.0 -1.0 -1.0 -1.0
1 651 170 716 216 0.42 -1.0 -1.0 -1.0 -1.0 -1.0 -1.0 -1.0
1 718 185 806 239 0.31 -1.0 -1.0 -1.0 -1.0 -1.0 -1.0 -1.0
1 550 167 586 197 0.3 -1.0 -1.0 -1.0 -1.0 -1.0 -1.0 -1.0
1 490 165 525 200 0.29 -1.0 -1.0 -1.0 -1.0 -1.0 -1.0 -1.0
