1 136 200 342 303 0.73 -1.0 -1.0 -1.0 -1.0 -1.0 -1.0 -1.0
1 333 192 451 249 0.65 -1.0 -1.0 -1.0 -1.0 -1.0 -1.0 -1.0
1 727 181 872 257 0.59 -1.0 -1.0 -1.0 -1.0 -1.0 -1.0 -1.0
1 651 168 718 217 0.51 -1.0 -1.0 -1.0 -1.0 -1.0 -1.0 -1.0
1 690 174 793 229 0.46 -1.0 -1.0 -1.0 -1.0 -1.0 -1.0 -1.0
1 1126 117 1229 284 0.44 -1.0 -1.0 -1.0 -1.0 -1.0 -1.0 -1.0
1 931 136 1213 263 0.35 -1.0 -1.0 -1.0 -1.0 -1.0 -1.0 -1.0
1 17 208 106 384 0.34 -1.0 -1.0 -1.0 -1.0 -1.0 -1.0 -1.0
1 464 174 537 209 0.29 -1.0 -1.0 -1.0 -1.0 -1.0 -1.0 -1.0
1 576 169 615 195 0.28 -1.0 -1.0 -1.0 -1.0 -1.0 -1.0 -1.0
1 405 192 475 227 0.28 -1.0 -1.0 -1.0 -1.0 -1.0 -1.0 -1.0
