1 77 203 324 319 0.77 -1.0 -1.0 -1.0 -1.0 -1.0 -1.0 -1.0
1 320 198 430 258 0.6 -1.0 -1.0 -1.0 -1.0 -1.0 -1.0 -1.0
1 728 175 892 268 0.53 -1.0 -1.0 -1.0 -1.0 -1.0 -1.0 -1.0
1 658 166 728 220 0.51 -1.0 -1.0 -1.0 -1.0 -1.0 -1.0 -1.0
1 1002 110 1219 272 0.43 -1.0 -1.0 -1.0 -1.0 -1.0 -1.0 -1.0
1 1146 124 1229 296 0.4 -1.0 -1.0 -1.0 -1.0 -1.0 -1.0 -1.0
1 700 173 802 233 0.37 -1.0 -1.0 -1.0 -1.0 -1.0 -1.0 -1.0
1 401 190 482 231 0.28 -1.0 -1.0 -1.0 -1.0 -1.0 -1.0 -1.0
1 573 168 604 195 0.25 -1.0 -1.0 -1.0 -1.0 -1.0 -1.0 -1.0
1 447 180 514 220 0.23 -1.0 -1.0 -1.0 -1.0 -1.0 -1.0 -1.0
