1 712 188 833 253 0.63 -1.0 -1.0 -1.0 -1.0 -1.0 -1.0 -1.0
1 481 180 538 219 0.53 -1.0 -1.0 -1.0 -1.0 -1.0 -1.0 -1.0
1 30 219 93 263 0.41 -1.0 -1.0 -1.0 -1.0 -1.0 -1.0 -1.0
1 937 169 1128 232 0.38 -1.0 -1.0 -1.0 -1.0 -1.0 -1.0 -1.0
1 259 184 333 220 0.32 -1.0 -1.0 -1.0 -1.0 -1.0 -1.0 -1.0
1 1047 163 1231 239 0.31 -1.0 -1.0 -1.0 -1.0 -1.0 -1.0 -1.0
1 311 171 397 213 0.3 -1.0 -1.0 -1.0 -1.0 -1.0 -1.0 -1.0
1 525 180 571 204 0.29 -1.0 -1.0 -1.0 -1.0 -1.0 -1.0 -1.0
1 992 167 1190 236 0.27 -1.0 -1.0 -1.0 -1.0 -1.0 -1.0 -1.0
1 6 200 41 261 0.21 -1.0 -1.0 -1.0 -1.0 -1.0 -1.0 -1.0
