1 624 145 936 319 0.75 -1.0 -1.0 -1.0 -1.0 -1.0 -1.0 -1.0
1 464 193 571 262 0.69 -1.0 -1.0 -1.0 -1.0 -1.0 -1.0 -1.0
1 349 181 414 223 0.6 -1.0 -1.0 -1.0 -1.0 -1.0 -1.0 -1.0
1 886 168 987 230 0.55 -1.0 -1.0 -1.0 -1.0 -1.0 -1.0 -1.0
1 981 158 1180 243 0.53 -1.0 -1.0 -1.0 -1.0 -1.0 -1.0 -1.0
1 150 184 208 218 0.49 -1.0 -1.0 -1.0 -1.0 -1.0 -1.0 -1.0
1 1 195 44 381 0.37 -1.0 -1.0 -1.0 -1.0 -1.0 -1.0 -1.0
1 541 173 610 211 0.35 -1.0 -1.0 -1.0 -1.0 -1.0 -1.0 -1.0
1 916 165 1052 217 0.26 -1.0 -1.0 -1.0 -1.0 -1.0 -1.0 -1.0
1 75 153 129 189 0.23 -1.0 -1.0 -1.0 -1.0 -1.0 -1.0 -1.0
