1 582 146 882 317 0.82 -1.0 -1.0 -1.0 -1.0 -1.0 -1.0 -1.0
1 447 192 551 252 0.58 -1.0 -1.0 -1.0 -1.0 -1.0 -1.0 -1.0
1 836 174 937 226 0.5 -1.0 -1.0 -1.0 -1.0 -1.0 -1.0 -1.0
1 942 169 1104 233 0.49 -1.0 -1.0 -1.0 -1.0 -1.0 -1.0 -1.0
1 308 180 382 222 0.47 -1.0 -1.0 -1.0 -1.0 -1.0 -1.0 -1.0
1 497 176 580 227 0.46 -1.0 -1.0 -1.0 -1.0 -1.0 -1.0 -1.0
1 1 200 47 319 0.42 -1.0 -1.0 -1.0 -1.0 -1.0 -1.0 -1.0
1 995 151 1224 252 0.39 -1.0 -1.0 -1.0 -1.0 -1.0 -1.0 -1.0
1 109 187 173 219 0.36 -1.0 -1.0 -1.0 -1.0 -1.0 -1.0 -1.0
1 892 164 1020 220 0.31 -1.0 -1.0 -1.0 -1.0 -1.0 -1.0 -1.0
