1 913 186 1172 349 0.75 -1.0 -1.0 -1.0 -1.0 -1.0 -1.0 -1.0
1 593 177 655 226 0.68 -1.0 -1.0 -1.0 -1.0 -1.0 -1.0 -1.0
1 232 180 321 229 0.57 -1.0 -1.0 -1.0 -1.0 -1.0 -1.0 -1.0
1 385 174 436 211 0.53 -1.0 -1.0 -1.0 -1.0 -1.0 -1.0 -1.0
1 327 182 382 217 0.5 -1.0 -1.0 -1.0 -1.0 -1.0 -1.0 -1.0
1 833 170 959 267 0.48 -1.0 -1.0 -1.0 -1.0 -1.0 -1.0 -1.0
1 425 162 496 205 0.39 -1.0 -1.0 -1.0 -1.0 -1.0 -1.0 -1.0
1 869 165 1001 256 0.29 -1.0 -1.0 -1.0 -1.0 -1.0 -1.0 -1.0
1 270 182 340 219 0.28 -1.0 -1.0 -1.0 -1.0 -1.0 -1.0 -1.0
1 5 171 40 209 0.25 -1.0 -1.0 -1.0 -1.0 -1.0 -1.0 -1.0
