1 591 179 664 244 0.69 -1.0 -1.0 -1.0 -1.0 -1.0 -1.0 -1.0
1 784 141 1008 277 0.61 -1.0 -1.0 -1.0 -1.0 -1.0 -1.0 -1.0
1 336 184 392 222 0.48 -1.0 -1.0 -1.0 -1.0 -1.0 -1.0 -1.0
1 745 172 833 228 0.44 -1.0 -1.0 -1.0 -1.0 -1.0 -1.0 -1.0
1 695 179 769 219 0.41 -1.0 -1.0 -1.0 -1.0 -1.0 -1.0 -1.0
1 30 165 288 293 0.38 -1.0 -1.0 -1.0 -1.0 -1.0 -1.0 -1.0
1 415 175 470 208 0.33 -1.0 -1.0 -1.0 -1.0 -1.0 -1.0 -1.0
1 2 168 40 310 0.24 -1.0 -1.0 -1.0 -1.0 -1.0 -1.0 -1.0
1 15 164 88 294 0.23 -1.0 -1.0 -1.0 -1.0 -1.0 -1.0 -1.0
1 1162 163 1215 220 0.21 -1.0 -1.0 -1.0 -1.0 -1.0 -1.0 -1.0
