1 162 185 294 243 0.59 -1.0 -1.0 -1.0 -1.0 -1.0 -1.0 -1.0
1 597 182 669 245 0.57 -1.0 -1.0 -1.0 -1.0 -1.0 -1.0 -1.0
1 17 178 205 266 0.56 -1.0 -1.0 -1.0 -1.0 -1.0 -1.0 -1.0
1 749 171 873 231 0.48 -1.0 -1.0 -1.0 -1.0 -1.0 -1.0 -1.0
1 858 145 1091 313 0.4 -1.0 -1.0 -1.0 -1.0 -1.0 -1.0 -1.0
1 83 181 236 240 0.4 -1.0 -1.0 -1.0 -1.0 -1.0 -1.0 -1.0
1 799 180 917 241 0.34 -1.0 -1.0 -1.0 -1.0 -1.0 -1.0 -1.0
1 687 174 740 205 0.3 -1.0 -1.0 -1.0 -1.0 -1.0 -1.0 -1.0
1 418 176 466 206 0.26 -1.0 -1.0 -1.0 -1.0 -1.0 -1.0 -1.0
1 246 193 305 227 0.24 -1.0 -1.0 -1.0 -1.0 -1.0 -1.0 -1.0
1 1173 169 1222 236 0.24 -1.0 -1.0 -1.0 -1.0 -1.0 -1.0 -1.0
