1 858 178 1073 305 0.73 -1.0 -1.0 -1.0 -1.0 -1.0 -1.0 -1.0
1 1040 182 1219 355 0.61 -1.0 -1.0 -1.0 -1.0 -1.0 -1.0 -1.0
1 259 178 334 223 0.6 -1.0 -1.0 -1.0 -1.0 -1.0 -1.0 -1.0
1 395 173 444 208 0.5 -1.0 -1.0 -1.0 -1.0 -1.0 -1.0 -1.0
1 597 171 649 217 0.45 -1.0 -1.0 -1.0 -1.0 -1.0 -1.0 -1.0
1 797 174 918 245 0.41 -1.0 -1.0 -1.0 -1.0 -1.0 -1.0 -1.0
1 456 165 503 201 0.38 -1.0 -1.0 -1.0 -1.0 -1.0 -1.0 -1.0
1 348 176 397 214 0.36 -1.0 -1.0 -1.0 -1.0 -1.0 -1.0 -1.0
1 837 161 957 223 0.34 -1.0 -1.0 -1.0 -1.0 -1.0 -1.0 -1.0
1 938 176 1089 266 0.27 -1.0 -1.0 -1.0 -1.0 -1.0 -1.0 -1.0
1 692 168 791 215 0.21 -1.0 -1.0 -1.0 -1.0 -1.0 -1.0 -1.0
