1 158 179 295 249 0.64 -1.0 -1.0 -1.0 -1.0 -1.0 -1.0 -1.0
1 20 177 183 268 0.61 -1.0 -1.0 -1.0 -1.0 -1.0 -1.0 -1.0
1 594 178 673 248 0.6 -1.0 -1.0 -1.0 -1.0 -1.0 -1.0 -1.0
1 869 136 1137 322 0.49 -1.0 -1.0 -1.0 -1.0 -1.0 -1.0 -1.0
1 302 188 368 227 0.47 -1.0 -1.0 -1.0 -1.0 -1.0 -1.0 -1.0
1 761 171 880 232 0.45 -1.0 -1.0 -1.0 -1.0 -1.0 -1.0 -1.0
1 683 167 742 201 0.37 -1.0 -1.0 -1.0 -1.0 -1.0 -1.0 -1.0
1 738 175 842 229 0.33 -1.0 -1.0 -1.0 -1.0 -1.0 -1.0 -1.0
1 848 190 944 247 0.26 -1.0 -1.0 -1.0 -1.0 -1.0 -1.0 -1.0
1 1151 172 1225 249 0.25 -1.0 -1.0 -1.0 -1.0 -1.0 -1.0 -1.0
1 105 179 195 225 0.23 -1.0 -1.0 -1.0 -1.0 -1.0 -1.0 -1.0
1 413 176 453 207 0.23 -1.0 -1.0 -1.0 -1.0 -1.0 -1.0 -1.0
