1 12 213 169 342 0.65 -1.0 -1.0 -1.0 -1.0 -1.0 -1.0 -1.0
1 192 185 305 243 0.6 -1.0 -1.0 -1.0 -1.0 -1.0 -1.0 -1.0
1 595 188 655 233 0.58 -1.0 -1.0 -1.0 -1.0 -1.0 -1.0 -1.0
1 375 187 465 232 0.51 -1.0 -1.0 -1.0 -1.0 -1.0 -1.0 -1.0
1 759 182 902 244 0.48 -1.0 -1.0 -1.0 -1.0 -1.0 -1.0 -1.0
1 1150 153 1225 403 0.42 -1.0 -1.0 -1.0 -1.0 -1.0 -1.0 -1.0
1 699 183 764 221 0.4 -1.0 -1.0 -1.0 -1.0 -1.0 -1.0 -1.0
1 86 196 212 262 0.35 -1.0 -1.0 -1.0 -1.0 -1.0 -1.0 -1.0
1 138 195 240 244 0.29 -1.0 -1.0 -1.0 -1.0 -1.0 -1.0 -1.0
1 340 183 428 224 0.23 -1.0 -1.0 -1.0 -1.0 -1.0 -1.0 -1.0
