1 868 161 1122 322 0.81 -1.0 -1.0 -1.0 -1.0 -1.0 -1.0 -1.0
1 294 188 413 255 0.74 -1.0 -1.0 -1.0 -1.0 -1.0 -1.0 -1.0
1 139 196 296 264 0.71 -1.0 -1.0 -1.0 -1.0 -1.0 -1.0 -1.0
1 749 187 833 234 0.55 -1.0 -1.0 -1.0 -1.0 -1.0 -1.0 -1.0
1 598 186 657 236 0.55 -1.0 -1.0 -1.0 -1.0 -1.0 -1.0 -1.0
1 463 182 513 215 0.43 -1.0 -1.0 -1.0 -1.0 -1.0 -1.0 -1.0
1 261 183 370 240 0.37 -1.0 -1.0 -1.0 -1.0 -1.0 -1.0 -1.0
1 13 192 112 246 0.35 -1.0 -1.0 -1.0 -1.0 -1.0 -1.0 -1.0
1 716 186 805 232 0.35 -1.0 -1.0 -1.0 -1.0 -1.0 -1.0 -1.0
1 394 186 451 218 0.32 -1.0 -1.0 -1.0 -1.0 -1.0 -1.0 -1.0
