1 23 200 216 281 0.68 -1.0 -1.0 -1.0 -1.0 -1.0 -1.0 -1.0
1 606 185 700 275 0.66 -1.0 -1.0 -1.0 -1.0 -1.0 -1.0 -1.0
1 179 197 333 280 0.62 -1.0 -1.0 -1.0 -1.0 -1.0 -1.0 -1.0
1 343 192 406 226 0.41 -1.0 -1.0 -1.0 -1.0 -1.0 -1.0 -1.0
1 718 178 805 228 0.39 -1.0 -1.0 -1.0 -1.0 -1.0 -1.0 -1.0
1 395 185 446 216 0.37 -1.0 -1.0 -1.0 -1.0 -1.0 -1.0 -1.0
1 133 193 306 270 0.34 -1.0 -1.0 -1.0 -1.0 -1.0 -1.0 -1.0
1 496 179 540 207 0.33 -1.0 -1.0 -1.0 -1.0 -1.0 -1.0 -1.0
1 445 178 497 209 0.25 -1.0 -1.0 -1.0 -1.0 -1.0 -1.0 -1.0
1 8 182 76 239 0.24 -1.0 -1.0 -1.0 -1.0 -1.0 -1.0 -1.0
