0 358 180 388 258 0.25 -1.0 -1.0 -1.0 -1.0 -1.0 -1.0 -1.0
1 929 173 1212 364 0.87 -1.0 -1.0 -1.0 -1.0 -1.0 -1.0 -1.0
1 588 183 721 311 0.8 -1.0 -1.0 -1.0 -1.0 -1.0 -1.0 -1.0
1 138 192 277 252 0.66 -1.0 -1.0 -1.0 -1.0 -1.0 -1.0 -1.0
1 9 187 93 293 0.57 -1.0 -1.0 -1.0 -1.0 -1.0 -1.0 -1.0
1 265 185 328 217 0.41 -1.0 -1.0 -1.0 -1.0 -1.0 -1.0 -1.0
1 406 177 458 207 0.32 -1.0 -1.0 -1.0 -1.0 -1.0 -1.0 -1.0
1 740 171 822 215 0.25 -1.0 -1.0 -1.0 -1.0 -1.0 -1.0 -1.0
1 713 174 770 212 0.25 -1.0 -1.0 -1.0 -1.0 -1.0 -1.0 -1.0
1 367 179 417 226 0.25 -1.0 -1.0 -1.0 -1.0 -1.0 -1.0 -1.0
1 457 168 501 195 0.21 -1.0 -1.0 -1.0 -1.0 -1.0 -1.0 -1.0
