0 103 199 153 318 0.27 -1.0 -1.0 -1.0 -1.0 -1.0 -1.0 -1.0
1 690 181 755 222 0.55 -1.0 -1.0 -1.0 -1.0 -1.0 -1.0 -1.0
1 608 189 678 247 0.53 -1.0 -1.0 -1.0 -1.0 -1.0 -1.0 -1.0
1 395 189 466 231 0.53 -1.0 -1.0 -1.0 -1.0 -1.0 -1.0 -1.0
1 741 179 879 243 0.53 -1.0 -1.0 -1.0 -1.0 -1.0 -1.0 -1.0
1 157 191 262 236 0.49 -1.0 -1.0 -1.0 -1.0 -1.0 -1.0 -1.0
1 7 198 78 301 0.46 -1.0 -1.0 -1.0 -1.0 -1.0 -1.0 -1.0
1 294 194 377 231 0.42 -1.0 -1.0 -1.0 -1.0 -1.0 -1.0 -1.0
1 344 189 442 233 0.41 -1.0 -1.0 -1.0 -1.0 -1.0 -1.0 -1.0
1 512 178 543 206 0.28 -1.0 -1.0 -1.0 -1.0 -1.0 -1.0 -1.0
