1 10 193 233 346 0.71 -1.0 -1.0 -1.0 -1.0 -1.0 -1.0 -1.0
1 1070 171 1226 366 0.69 -1.0 -1.0 -1.0 -1.0 -1.0 -1.0 -1.0
1 595 188 659 236 0.62 -1.0 -1.0 -1.0 -1.0 -1.0 -1.0 -1.0
1 206 184 308 240 0.62 -1.0 -1.0 -1.0 -1.0 -1.0 -1.0 -1.0
1 397 187 466 228 0.44 -1.0 -1.0 -1.0 -1.0 -1.0 -1.0 -1.0
1 757 185 882 238 0.38 -1.0 -1.0 -1.0 -1.0 -1.0 -1.0 -1.0
1 350 184 418 222 0.37 -1.0 -1.0 -1.0 -1.0 -1.0 -1.0 -1.0
1 167 190 249 234 0.23 -1.0 -1.0 -1.0 -1.0 -1.0 -1.0 -1.0
1 693 186 751 218 0.23 -1.0 -1.0 -1.0 -1.0 -1.0 -1.0 -1.0
1 442 184 497 221 0.23 -1.0 -1.0 -1.0 -1.0 -1.0 -1.0 -1.0
