0 328 174 359 246 0.25 -1.0 -1.0 -1.0 -1.0 -1.0 -1.0 -1.0
1 584 179 741 326 0.77 -1.0 -1.0 -1.0 -1.0 -1.0 -1.0 -1.0
1 1040 182 1221 374 0.72 -1.0 -1.0 -1.0 -1.0 -1.0 -1.0 -1.0
1 86 193 254 262 0.67 -1.0 -1.0 -1.0 -1.0 -1.0 -1.0 -1.0
1 247 182 324 218 0.42 -1.0 -1.0 -1.0 -1.0 -1.0 -1.0 -1.0
1 365 183 420 216 0.37 -1.0 -1.0 -1.0 -1.0 -1.0 -1.0 -1.0
1 407 177 455 207 0.3 -1.0 -1.0 -1.0 -1.0 -1.0 -1.0 -1.0
1 433 165 489 197 0.26 -1.0 -1.0 -1.0 -1.0 -1.0 -1.0 -1.0
1 314 173 357 230 0.25 -1.0 -1.0 -1.0 -1.0 -1.0 -1.0 -1.0
1 737 172 825 211 0.23 -1.0 -1.0 -1.0 -1.0 -1.0 -1.0 -1.0
