1 823 170 1050 288 0.87 -1.0 -1.0 -1.0 -1.0 -1.0 -1.0 -1.0
1 602 185 664 237 0.66 -1.0 -1.0 -1.0 -1.0 -1.0 -1.0 -1.0
1 197 190 318 247 0.64 -1.0 -1.0 -1.0 -1.0 -1.0 -1.0 -1.0
1 378 186 448 232 0.55 -1.0 -1.0 -1.0 -1.0 -1.0 -1.0 -1.0
1 742 182 819 225 0.51 -1.0 -1.0 -1.0 -1.0 -1.0 -1.0 -1.0
1 295 187 375 231 0.48 -1.0 -1.0 -1.0 -1.0 -1.0 -1.0 -1.0
1 35 191 147 245 0.48 -1.0 -1.0 -1.0 -1.0 -1.0 -1.0 -1.0
1 704 182 779 227 0.41 -1.0 -1.0 -1.0 -1.0 -1.0 -1.0 -1.0
1 675 184 733 220 0.3 -1.0 -1.0 -1.0 -1.0 -1.0 -1.0 -1.0
1 482 174 515 211 0.21 -1.0 -1.0 -1.0 -1.0 -1.0 -1.0 -1.0
