0 328 171 358 251 0.3 -1.0 -1.0 -1.0 -1.0 -1.0 -1.0 -1.0
1 584 177 745 327 0.81 -1.0 -1.0 -1.0 -1.0 -1.0 -1.0 -1.0
1 84 193 253 265 0.76 -1.0 -1.0 -1.0 -1.0 -1.0 -1.0 -1.0
1 1051 168 1228 389 0.68 -1.0 -1.0 -1.0 -1.0 -1.0 -1.0 -1.0
1 243 182 311 218 0.46 -1.0 -1.0 -1.0 -1.0 -1.0 -1.0 -1.0
1 366 184 417 216 0.33 -1.0 -1.0 -1.0 -1.0 -1.0 -1.0 -1.0
1 409 177 455 206 0.28 -1.0 -1.0 -1.0 -1.0 -1.0 -1.0 -1.0
1 705 171 779 212 0.25 -1.0 -1.0 -1.0 -1.0 -1.0 -1.0 -1.0
1 734 172 827 213 0.21 -1.0 -1.0 -1.0 -1.0 -1.0 -1.0 -1.0
1 1125 155 1192 210 0.21 -1.0 -1.0 -1.0 -1.0 -1.0 -1.0 -1.0
1 447 165 494 196 0.21 -1.0 -1.0 -1.0 -1.0 -1.0 -1.0 -1.0
