0 310 178 340 241 0.21 -1.0 -1.0 -1.0 -1.0 -1.0 -1.0 -1.0
1 572 174 761 349 0.79 -1.0 -1.0 -1.0 -1.0 -1.0 -1.0 -1.0
1 55 196 230 270 0.73 -1.0 -1.0 -1.0 -1.0 -1.0 -1.0 -1.0
1 353 181 411 219 0.45 -1.0 -1.0 -1.0 -1.0 -1.0 -1.0 -1.0
1 241 184 312 221 0.43 -1.0 -1.0 -1.0 -1.0 -1.0 -1.0 -1.0
1 742 175 841 224 0.39 -1.0 -1.0 -1.0 -1.0 -1.0 -1.0 -1.0
1 1144 143 1230 432 0.35 -1.0 -1.0 -1.0 -1.0 -1.0 -1.0 -1.0
1 43 183 121 221 0.26 -1.0 -1.0 -1.0 -1.0 -1.0 -1.0 -1.0
1 305 177 343 230 0.24 -1.0 -1.0 -1.0 -1.0 -1.0 -1.0 -1.0
1 449 155 493 192 0.22 -1.0 -1.0 -1.0 -1.0 -1.0 -1.0 -1.0
