1 604 183 671 244 0.59 -1.0 -1.0 -1.0 -1.0 -1.0 -1.0 -1.0
1 332 191 434 245 0.57 -1.0 -1.0 -1.0 -1.0 -1.0 -1.0 -1.0
1 145 192 251 236 0.48 -1.0 -1.0 -1.0 -1.0 -1.0 -1.0 -1.0
1 698 181 766 222 0.43 -1.0 -1.0 -1.0 -1.0 -1.0 -1.0 -1.0
1 763 181 913 243 0.42 -1.0 -1.0 -1.0 -1.0 -1.0 -1.0 -1.0
1 285 191 384 237 0.38 -1.0 -1.0 -1.0 -1.0 -1.0 -1.0 -1.0
1 434 187 484 214 0.36 -1.0 -1.0 -1.0 -1.0 -1.0 -1.0 -1.0
1 15 185 68 296 0.34 -1.0 -1.0 -1.0 -1.0 -1.0 -1.0 -1.0
1 742 182 860 240 0.3 -1.0 -1.0 -1.0 -1.0 -1.0 -1.0 -1.0
1 498 176 537 212 0.28 -1.0 -1.0 -1.0 -1.0 -1.0 -1.0 -1.0
