1 8 205 233 330 0.86 -1.0 -1.0 -1.0 -1.0 -1.0 -1.0 -1.0
1 603 189 689 266 0.46 -1.0 -1.0 -1.0 -1.0 -1.0 -1.0 -1.0
1 341 191 407 227 0.43 -1.0 -1.0 -1.0 -1.0 -1.0 -1.0 -1.0
1 475 177 525 210 0.33 -1.0 -1.0 -1.0 -1.0 -1.0 -1.0 -1.0
1 215 189 300 236 0.29 -1.0 -1.0 -1.0 -1.0 -1.0 -1.0 -1.0
1 2 179 44 241 0.25 -1.0 -1.0 -1.0 -1.0 -1.0 -1.0 -1.0
1 719 178 803 227 0.25 -1.0 -1.0 -1.0 -1.0 -1.0 -1.0 -1.0
1 382 186 441 220 0.24 -1.0 -1.0 -1.0 -1.0 -1.0 -1.0 -1.0
1 719 181 862 237 0.23 -1.0 -1.0 -1.0 -1.0 -1.0 -1.0 -1.0
1 425 171 479 213 0.21 -1.0 -1.0 -1.0 -1.0 -1.0 -1.0 -1.0
