1 817 175 997 286 0.72 -1.0 -1.0 -1.0 -1.0 -1.0 -1.0 -1.0
1 598 183 667 235 0.54 -1.0 -1.0 -1.0 -1.0 -1.0 -1.0 -1.0
1 449 182 509 218 0.52 -1.0 -1.0 -1.0 -1.0 -1.0 -1.0 -1.0
1 140 185 355 280 0.48 -1.0 -1.0 -1.0 -1.0 -1.0 -1.0 -1.0
1 343 186 402 221 0.44 -1.0 -1.0 -1.0 -1.0 -1.0 -1.0 -1.0
1 65 184 256 262 0.41 -1.0 -1.0 -1.0 -1.0 -1.0 -1.0 -1.0
1 726 179 857 228 0.35 -1.0 -1.0 -1.0 -1.0 -1.0 -1.0 -1.0
1 23 192 123 252 0.29 -1.0 -1.0 -1.0 -1.0 -1.0 -1.0 -1.0
1 757 176 902 229 0.25 -1.0 -1.0 -1.0 -1.0 -1.0 -1.0 -1.0
1 285 190 364 231 0.22 -1.0 -1.0 -1.0 -1.0 -1.0 -1.0 -1.0
