0 1075 156 1181 381 0.42 -1.0 -1.0 -1.0 -1.0 -1.0 -1.0 -1.0
0 943 203 1004 337 0.34 -1.0 -1.0 -1.0 -1.0 -1.0 -1.0 -1.0
1 495 159 561 209 0.38 -1.0 -1.0 -1.0 -1.0 -1.0 -1.0 -1.0
1 431 176 473 207 0.3 -1.0 -1.0 -1.0 -1.0 -1.0 -1.0 -1.0
1 750 183 811 221 0.25 -1.0 -1.0 -1.0 -1.0 -1.0 -1.0 -1.0
1 730 181 772 220 0.24 -1.0 -1.0 -1.0 -1.0 -1.0 -1.0 -1.0
1 1203 193 1232 326 0.23 -1.0 -1.0 -1.0 -1.0 -1.0 -1.0 -1.0
1 960 188 1047 292 0.23 -1.0 -1.0 -1.0 -1.0 -1.0 -1.0 -1.0
1 810 188 848 215 0.21 -1.0 -1.0 -1.0 -1.0 -1.0 -1.0 -1.0
2 344 149 404 253 0.39 -1.0 -1.0 -1.0 -1.0 -1.0 -1.0 -1.0
